0 55
1 51
2 50
3 48
4 46
5 45
6 44
7 44
8 43
9 42
10 41
11 40
12 40
13 40
14 39
15 37
16 35
17 35
18 35
19 35
20 35
21 36
22 36
23 36
24 36
25 36
26 36
27 35
28 34
29 34
30 34
31 34
32 35
33 35
34 35
35 35
36 36
37 36
38 36
39 36
40 36
41 36
42 37
43 37
44 37
45 37
46 37
47 37
48 37
49 37
50 37
51 37
52 38
53 38
54 38
55 37
56 37
57 38
58 38
59 38
60 38
61 38
62 38
63 38
64 37
65 38
66 38
67 38
68 37
69 37
70 38
71 38
72 38
73 38
74 38
75 38
76 38
77 38
78 38
79 38
80 38
81 38
82 38
83 38
84 38
85 38
86 38
87 38
88 38
89 38
90 38
91 38
92 38
93 38
94 38
95 38
96 38
97 38
98 38
99 38
100 38
101 37
102 37
103 37
104 37
105 37
106 37
107 38
108 38
109 38
110 37
111 36
112 37
113 36
114 37
115 37
116 37
117 37
118 37
119 37
120 37
121 37
122 37
123 37
124 37
125 36
126 35
127 36
128 36
129 36
130 37
131 36
132 36
133 36
134 37
135 37
136 37
137 37
138 36
139 36
140 37
141 37
142 37
143 36
144 37
145 37
146 36
147 36
148 37
149 37
150 37
151 37
152 36
153 36
154 37
155 37
156 37
157 37
158 37
159 37
160 37
161 37
162 36
163 37
164 37
165 37
166 37
167 37
168 37
169 38
170 37
171 38
172 37
173 37
174 38
175 38
176 38
177 38
178 38
179 38
180 38
181 38
182 38
183 38
184 39
185 39
186 39
187 39
188 39
189 38
190 38
191 38
192 39
193 39
194 39
195 39
196 39
197 38
198 38
199 38
200 39
201 38
202 38
203 37
204 37
205 37
206 38
207 38
208 38
209 38
210 38
211 38
212 38
213 38
214 38
215 38
216 38
217 38
218 38
219 39
220 39
221 38
222 38
223 38
224 38
225 38
226 38
227 38
228 38
229 38
230 38
231 38
232 38
233 38
234 38
235 38
236 38
237 38
238 38
239 38
240 38
241 38
242 38
243 38
244 38
245 38
246 38
247 38
248 38
249 38
250 38
251 38
252 39
253 38
254 38
255 38
256 39
257 39
258 39
259 39
260 39
261 39
262 39
263 39
264 39
265 39
266 39
267 39
268 39
269 39
270 38
271 38
272 38
273 38
274 38
275 38
276 38
277 38
278 38
279 38
280 38
281 38
282 38
283 38
284 38
285 39
286 38
287 38
288 38
289 38
290 38
291 38
292 38
293 38
294 38
295 38
296 38
297 38
298 38
299 38
300 38
301 38
302 37
303 37
304 38
305 38
306 38
307 38
308 38
309 38
310 38
311 38
312 38
313 38
314 38
315 38
316 38
317 38
318 38
319 38
320 38
321 38
322 38
323 38
324 38
325 38
326 38
327 37
328 37
329 37
330 37
331 38
332 37
333 38
334 37
335 38
336 37
337 38
338 37
339 37
340 37
341 38
342 38
343 38
344 38
345 38
346 38
347 38
348 38
349 38
350 38
351 38
352 38
353 38
354 38
355 39
356 39
357 39
358 38
359 38
360 39
361 39
362 39
363 39
364 39
365 39
366 39
367 39
368 39
369 39
370 39
371 39
372 39
373 39
374 39
375 39
376 39
377 39
378 39
379 39
380 39
381 39
382 39
383 39
384 39
385 39
386 39
387 39
388 39
389 39
390 39
391 38
392 39
393 38
394 39
395 39
396 39
397 39
398 39
399 38
400 39
401 39
402 39
403 39
404 39
405 39
406 39
407 39
408 39
409 39
410 39
411 39
412 39
413 39
414 39
415 39
416 39
417 39
418 39
419 39
420 39
421 39
422 39
423 39
424 39
425 39
426 39
427 39
428 39
429 39
430 39
431 39
432 39
433 39
434 37
435 35
436 33
437 32
438 31
439 30
440 29
441 28
442 27
443 26
444 26
445 26
446 27
447 28
448 29
449 30
450 31
451 32
452 33
453 33
454 34
455 34
456 35
457 35
458 35
459 36
460 36
461 36
462 36
463 36
464 37
465 37
466 37
467 37
468 37
469 37
470 37
471 37
472 37
473 37
474 38
475 38
476 38
477 38
478 38
479 38
480 38
481 38
482 38
483 38
484 38
485 38
486 38
487 38
488 38
489 38
490 38
491 38
492 38
493 38
494 38
495 38
496 38
497 38
498 38
499 38
500 38
501 38
502 38
503 38
504 38
505 38
506 39
507 39
508 39
509 39
510 39
511 39
512 39
513 39
514 39
515 39
516 39
517 39
518 39
519 39
520 39
521 39
522 39
523 39
524 38
525 38
526 38
527 38
528 38
529 38
530 38
531 38
532 38
533 37
534 37
535 38
536 38
537 38
538 38
539 38
540 38
541 38
542 38
543 38
544 38
545 38
546 38
547 38
548 38
549 39
550 39
551 38
552 38
553 39
554 39
555 39
556 39
557 39
558 39
559 39
560 39
561 39
562 39
563 39
564 39
565 39
566 39
567 39
568 39
569 39
570 39
571 39
572 39
573 39
574 39
575 39
576 39
577 39
578 39
579 39
580 39
581 39
582 39
583 39
584 39
585 39
586 39
587 39
588 39
589 39
590 39
591 39
592 39
593 39
594 39
595 39
596 39
597 39
598 39
599 39
600 39
601 39
602 39
603 39
604 39
605 39
606 39
607 39
608 39
609 39
610 39
611 39
612 39
613 39
614 39
615 39
616 39
617 39
618 39
619 39
620 39
621 39
622 38
623 38
624 38
625 38
626 38
627 38
628 39
629 39
630 39
631 39
632 39
633 39
634 39
635 39
636 39
637 39
638 39
639 39
640 39
641 39
642 39
643 39
644 39
645 39
646 39
647 39
648 39
649 39
650 39
651 39
652 39
653 39
654 39
655 39
656 39
657 39
658 38
659 38
660 39
661 39
662 39
663 39
664 39
665 39
666 39
667 39
668 39
669 39
670 39
671 39
672 39
673 39
674 39
675 39
676 39
677 39
678 39
679 39
680 39
681 39
682 39
683 39
684 39
685 39
686 39
687 39
688 39
689 39
690 39
691 39
692 39
693 39
694 39
695 39
696 39
697 39
698 39
699 39
700 39
701 39
702 39
703 39
704 39
705 39
706 39
707 39
708 39
709 39
710 39
711 39
712 39
713 39
714 39
715 39
716 39
717 39
718 39
719 38
720 38
721 38
722 38
723 38
724 38
725 38
726 38
727 38
728 38
729 38
730 38
731 38
732 37
733 38
734 38
735 38
736 38
737 38
738 38
739 38
740 38
741 37
742 38
743 38
744 38
745 38
746 38
747 38
748 38
749 38
750 38
751 38
752 38
753 39
754 39
755 39
756 39
757 39
758 39
759 39
760 39
761 39
762 39
763 39
764 39
765 39
766 39
767 39
768 39
769 39
770 39
771 39
772 39
773 39
774 39
775 38
776 39
777 39
778 39
779 39
780 39
781 39
782 39
783 39
784 39
785 39
786 39
787 39
788 39
789 39
790 39
791 39
792 39
793 39
794 39
795 39
796 39
797 39
798 39
799 39
800 39
801 39
802 39
803 39
804 39
805 39
806 39
807 39
808 39
809 39
810 39
811 39
812 39
813 39
814 39
815 39
816 39
817 39
818 39
819 39
820 39
821 39
822 39
823 39
824 39
825 39
826 39
827 39
828 39
829 39
830 39
831 39
832 39
833 39
834 39
835 39
836 39
837 39
838 39
839 39
840 39
841 39
842 39
843 39
844 39
845 39
846 39
847 39
848 39
849 39
850 39
851 39
852 39
853 39
854 39
855 39
856 39
857 39
858 39
859 39
860 39
861 39
862 39
863 39
864 39
865 39
866 39
867 39
868 39
869 39
870 39
871 40
872 39
873 39
874 39
875 39
876 40
877 40
878 40
879 40
880 40
881 39
882 39
883 39
884 39
885 39
886 39
887 40
888 40
889 39
890 39
891 39
892 39
893 40
894 40
895 39
896 39
897 39
898 39
899 39
900 39
901 39
902 39
903 39
904 39
905 39
906 39
907 39
908 39
909 39
910 39
911 39
912 39
913 39
914 39
915 39
916 39
917 39
918 37
919 35
920 33
921 32
922 31
923 30
924 29
925 28
926 27
927 26
928 25
929 25
930 24
931 25
932 26
933 28
934 28
935 29
936 30
937 31
938 32
939 33
940 33
941 34
942 34
943 35
944 35
945 36
946 36
947 36
948 37
949 37
950 37
951 37
952 37
953 38
954 38
955 38
956 38
957 38
958 38
959 38
960 38
961 38
962 38
963 39
964 39
965 39
966 39
967 38
968 39
969 39
970 39
971 39
972 39
973 39
974 39
975 39
976 39
977 39
978 39
979 39
980 39
981 39
982 39
983 39
984 39
985 39
986 39
987 39
988 39
989 39
990 39
991 39
992 39
993 39
994 39
995 39
996 39
997 39
998 39
999 39
1000 38
1001 38
1002 38
1003 39
1004 39
1005 39
1006 39
1007 39
1008 39
1009 39
1010 39
1011 39
1012 39
1013 39
1014 39
1015 39
1016 39
1017 39
1018 39
1019 39
1020 39
1021 39
1022 39
1023 39
1024 39
1025 39
1026 39
1027 39
1028 39
1029 39
1030 39
1031 39
1032 39
1033 39
1034 39
1035 39
1036 39
1037 39
1038 39
1039 39
1040 39
1041 39
1042 39
1043 39
1044 39
1045 39
1046 39
1047 38
1048 38
1049 38
1050 38
1051 38
1052 38
1053 38
1054 38
1055 38
1056 38
1057 38
1058 38
1059 38
1060 38
1061 39
1062 39
1063 39
1064 39
1065 39
1066 39
1067 39
1068 39
1069 39
1070 39
1071 39
1072 39
1073 39
1074 39
1075 39
1076 39
1077 39
1078 39
1079 39
1080 39
1081 39
1082 39
1083 39
1084 39
1085 39
1086 39
1087 39
1088 39
1089 39
1090 39
1091 39
1092 39
1093 39
1094 39
1095 39
1096 39
1097 39
1098 39
1099 39
1100 39
1101 39
1102 39
1103 39
1104 39
1105 38
1106 38
1107 38
1108 38
1109 38
1110 38
1111 39
1112 39
1113 39
1114 39
1115 38
1116 39
1117 38
1118 38
1119 38
1120 38
1121 39
1122 39
1123 38
1124 38
1125 39
1126 39
1127 39
1128 39
1129 39
1130 39
1131 39
1132 39
1133 39
1134 39
1135 39
1136 39
1137 39
1138 39
1139 39
1140 39
1141 39
1142 39
1143 39
1144 39
1145 39
1146 39
1147 39
1148 39
1149 39
1150 39
1151 39
1152 39
1153 39
1154 39
1155 39
1156 39
1157 39
1158 39
1159 39
1160 39
1161 39
1162 39
1163 39
1164 39
1165 39
1166 39
1167 39
1168 39
1169 39
1170 39
1171 39
1172 39
1173 39
1174 39
1175 39
1176 39
1177 39
1178 39
1179 39
1180 39
1181 39
1182 39
1183 39
1184 39
1185 39
1186 39
1187 39
1188 39
1189 39
1190 39
1191 39
1192 39
1193 39
1194 39
1195 39
1196 39
1197 39
1198 39
1199 39
1200 39
1201 39
1202 39
1203 39
1204 39
1205 39
1206 39
1207 39
1208 39
1209 39
1210 39
1211 39
1212 39
1213 39
1214 39
1215 39
1216 39
1217 39
1218 39
1219 39
1220 39
1221 39
1222 39
1223 39
1224 39
1225 39
1226 39
1227 39
1228 39
1229 39
1230 39
1231 39
1232 39
1233 39
1234 39
1235 39
1236 39
1237 39
1238 39
1239 38
1240 39
1241 39
1242 39
1243 39
1244 37
1245 37
1246 36
1247 36
1248 37
1249 37
1250 37
1251 37
1252 38
1253 38
1254 36
1255 37
1256 37
1257 37
1258 37
1259 38
1260 38
1261 38
1262 37
1263 37
1264 37
1265 37
1266 38
1267 38
1268 38
1269 38
1270 38
1271 38
1272 38
1273 38
1274 39
1275 39
1276 39
1277 39
1278 39
1279 39
1280 39
1281 39
1282 39
1283 39
1284 39
1285 39
1286 39
1287 39
1288 39
1289 39
1290 39
1291 39
1292 39
1293 39
1294 39
1295 39
1296 39
1297 39
1298 39
1299 39
1300 39
1301 39
1302 39
1303 39
1304 39
1305 39
1306 39
1307 39
1308 39
1309 39
1310 39
1311 39
1312 39
1313 39
1314 39
1315 39
1316 39
1317 39
1318 39
1319 39
1320 39
1321 39
1322 39
1323 39
1324 39
1325 39
1326 39
1327 39
1328 39
1329 39
1330 39
1331 39
1332 39
1333 39
1334 39
1335 39
1336 39
1337 39
1338 39
1339 39
1340 39
1341 39
1342 39
1343 39
1344 39
1345 39
1346 39
1347 39
1348 39
1349 39
1350 39
1351 39
1352 39
1353 39
1354 39
1355 39
1356 39
1357 39
1358 39
1359 39
1360 39
1361 39
1362 39
1363 39
1364 39
1365 39
1366 39
1367 39
1368 39
1369 39
1370 39
1371 39
1372 39
1373 38
1374 38
1375 38
1376 39
1377 38
1378 39
1379 39
1380 39
1381 39
1382 39
1383 39
1384 39
1385 39
1386 39
1387 39
1388 39
1389 39
1390 39
1391 39
1392 39
1393 39
1394 39
1395 39
1396 39
1397 39
1398 39
1399 39
1400 39
1401 39
1402 39
1403 39
1404 39
1405 39
1406 39
1407 39
1408 39
1409 40
1410 40
1411 39
1412 39
1413 39
1414 39
1415 39
1416 39
1417 39
1418 39
1419 39
1420 39
1421 39
1422 37
1423 35
1424 33
1425 32
1426 31
1427 30
1428 29
1429 28
1430 28
1431 27
1432 26
1433 25
1434 25
1435 25
1436 26
1437 27
1438 29
1439 29
1440 30
1441 31
1442 32
1443 33
1444 33
1445 34
1446 35
1447 35
1448 35
1449 36
1450 36
1451 36
1452 36
1453 36
1454 36
1455 35
1456 36
1457 36
1458 37
1459 37
1460 37
1461 37
1462 37
1463 37
1464 38
1465 38
1466 38
1467 38
1468 38
1469 38
1470 38
1471 38
1472 38
1473 38
1474 38
1475 39
1476 39
1477 39
1478 39
1479 39
1480 39
1481 39
1482 39
1483 39
1484 39
1485 39
1486 39
1487 39
1488 39
1489 39
1490 39
1491 39
1492 39
1493 39
1494 39
1495 39
1496 39
1497 39
1498 39
1499 39
1500 39
1501 39
1502 39
1503 39
1504 39
1505 39
1506 39
1507 39
1508 39
1509 39
1510 39
1511 39
1512 39
1513 39
1514 39
1515 39
1516 39
1517 39
1518 39
1519 39
1520 39
1521 39
1522 39
1523 39
1524 39
1525 39
1526 39
1527 39
1528 39
1529 39
1530 39
1531 39
1532 39
1533 39
1534 39
1535 39
1536 39
1537 39
1538 39
1539 39
1540 39
1541 39
1542 39
1543 39
1544 39
1545 39
1546 39
1547 39
1548 39
1549 39
1550 39
1551 39
1552 39
1553 39
1554 39
1555 39
1556 39
1557 38
1558 38
1559 39
1560 38
1561 38
1562 38
1563 37
1564 37
1565 38
1566 38
1567 38
1568 38
1569 37
1570 38
1571 38
1572 38
1573 38
1574 38
1575 38
1576 38
1577 38
1578 38
1579 38
1580 38
1581 38
1582 38
1583 38
1584 39
1585 39
1586 38
1587 38
1588 39
1589 39
1590 39
1591 39
1592 39
1593 39
1594 38
1595 38
1596 39
1597 39
1598 39
1599 39
1600 39
1601 39
1602 39
1603 39
1604 39
1605 39
1606 39
1607 39
1608 38
1609 38
1610 38
1611 38
1612 38
1613 38
1614 38
1615 39
1616 39
1617 39
1618 39
1619 39
1620 39
1621 39
1622 39
1623 39
1624 39
1625 39
1626 39
1627 39
1628 39
1629 39
1630 39
1631 39
1632 39
1633 39
1634 39
1635 39
1636 39
1637 39
1638 39
1639 39
1640 39
1641 39
1642 39
1643 39
1644 39
1645 39
1646 39
1647 39
1648 39
1649 39
1650 39
1651 39
1652 39
1653 39
1654 39
1655 39
1656 39
1657 39
1658 39
1659 39
1660 39
1661 39
1662 39
1663 39
1664 39
1665 39
1666 39
1667 39
1668 39
1669 39
1670 39
1671 39
1672 39
1673 39
1674 39
1675 39
1676 39
1677 39
1678 39
1679 39
1680 39
1681 39
1682 39
1683 39
1684 39
1685 39
1686 39
1687 39
1688 39
1689 39
1690 39
1691 39
1692 39
1693 39
1694 39
1695 39
1696 39
1697 39
1698 39
1699 39
1700 39
1701 39
1702 39
1703 39
1704 39
1705 39
1706 39
1707 39
1708 39
1709 39
1710 39
1711 39
1712 39
1713 39
1714 39
1715 39
1716 39
1717 39
1718 39
1719 39
1720 39
1721 39
1722 39
1723 39
1724 39
1725 39
1726 39
1727 39
1728 39
1729 39
1730 39
1731 39
1732 39
1733 39
1734 39
1735 39
1736 39
1737 39
1738 39
1739 39
1740 39
1741 39
1742 39
1743 39
1744 39
1745 39
1746 39
1747 39
1748 39
1749 39
1750 39
1751 39
1752 39
1753 39
1754 39
1755 39
1756 39
1757 39
1758 39
1759 39
1760 39
1761 39
1762 39
1763 39
1764 39
1765 39
1766 39
1767 39
1768 39
1769 39
1770 39
1771 39
1772 39
1773 39
1774 39
1775 39
1776 38
1777 38
1778 38
1779 38
1780 38
1781 38
1782 39
1783 39
1784 38
1785 38
1786 39
1787 39
1788 39
1789 39
1790 39
1791 39
1792 38
1793 38
1794 38
1795 38
1796 38
1797 38
1798 37
1799 37
1800 37
1801 37
1802 38
1803 38
1804 38
1805 38
1806 38
1807 38
1808 38
1809 38
1810 38
1811 37
1812 38
1813 38
1814 38
1815 38
1816 38
1817 38
1818 38
1819 38
1820 38
1821 39
1822 39
1823 39
1824 38
1825 38
1826 38
1827 39
1828 39
1829 39
1830 39
1831 39
1832 39
1833 39
1834 39
1835 39
1836 39
1837 39
1838 39
1839 39
1840 39
1841 39
1842 39
1843 39
1844 39
1845 39
1846 39
1847 39
1848 39
1849 39
1850 39
1851 39
1852 39
1853 39
1854 39
1855 39
1856 39
1857 39
1858 39
1859 39
1860 39
1861 39
1862 39
1863 39
1864 39
1865 39
1866 39
1867 39
1868 39
1869 39
1870 39
1871 39
1872 39
1873 39
1874 39
1875 39
1876 39
1877 39
1878 39
1879 39
1880 39
1881 39
1882 39
1883 39
1884 39
1885 39
1886 39
1887 39
1888 39
1889 39
1890 39
1891 39
1892 39
1893 39
1894 39
1895 39
1896 39
1897 39
1898 39
1899 39
1900 39
1901 39
1902 39
1903 39
1904 39
1905 39
1906 39
1907 39
1908 39
1909 39
1910 39
1911 39
1912 39
1913 39
1914 39
1915 39
1916 39
1917 39
1918 39
1919 39
1920 39
1921 39
1922 40
1923 40
1924 39
1925 39
1926 39
1927 39
1928 39
1929 39
1930 39
1931 39
1932 39
1933 39
1934 39
1935 39
1936 39
1937 38
1938 35
1939 34
1940 32
1941 31
1942 30
1943 29
1944 28
1945 27
1946 27
1947 26
1948 25
1949 25
1950 24
1951 25
1952 26
1953 28
1954 29
1955 30
1956 31
1957 32
1958 32
1959 33
1960 34
1961 34
1962 35
1963 35
1964 36
1965 36
1966 36
1967 37
1968 36
1969 37
1970 37
1971 37
1972 37
1973 38
1974 38
1975 37
1976 37
1977 37
1978 37
1979 38
1980 37
1981 38
1982 38
1983 37
1984 37
1985 37
1986 37
1987 38
1988 38
1989 38
1990 38
1991 38
1992 38
1993 37
1994 37
1995 37
1996 37
1997 38
1998 37
1999 38
2000 38
2001 38
2002 38
2003 38
2004 38
2005 38
2006 38
2007 39
2008 38
2009 38
2010 38
2011 39
2012 39
2013 39
2014 39
2015 39
2016 39
2017 39
2018 39
2019 39
2020 39
2021 39
2022 39
2023 39
2024 39
