0 57
1 53
2 52
3 51
4 50
5 49
6 46
7 46
8 45
9 44
10 42
11 42
12 42
13 42
14 41
15 41
16 41
17 41
18 41
19 40
20 40
21 40
22 40
23 40
24 40
25 40
26 40
27 40
28 40
29 40
30 40
31 40
32 40
33 40
34 40
35 40
36 40
37 40
38 40
39 40
40 40
41 40
42 40
43 40
44 40
45 39
46 40
47 39
48 39
49 40
50 40
51 40
52 40
53 40
54 40
55 40
56 40
57 41
58 41
59 41
60 41
61 40
62 40
63 41
64 40
65 40
66 41
67 41
68 41
69 41
70 41
71 41
72 40
73 41
74 41
75 40
76 40
77 40
78 41
79 40
80 40
81 40
82 40
83 40
84 40
85 40
86 40
87 41
88 40
89 41
90 41
91 39
92 39
93 39
94 40
95 39
96 40
97 40
98 40
99 40
100 40
101 39
102 37
103 37
104 36
105 35
106 35
107 36
108 34
109 33
110 32
111 33
112 33
113 34
114 36
115 36
116 37
117 38
118 37
119 37
120 38
121 38
122 38
123 39
124 38
125 39
126 39
127 39
128 39
129 38
130 36
131 35
132 34
133 36
134 36
135 37
136 37
137 37
138 38
139 38
140 38
141 38
142 39
143 39
144 40
145 40
146 41
147 40
148 41
149 41
150 40
151 40
152 40
153 40
154 40
155 40
156 40
157 40
158 40
159 40
160 39
161 40
162 40
163 39
164 40
165 40
166 40
167 41
168 40
169 39
170 39
171 40
172 40
173 39
174 40
175 40
176 40
177 41
178 41
179 41
180 41
181 42
182 42
183 42
184 42
185 42
186 42
187 41
188 40
189 40
190 40
191 40
192 38
193 37
194 37
195 37
196 38
197 38
198 37
199 38
200 39
201 39
202 39
203 40
204 39
205 40
206 39
207 37
208 38
209 38
210 39
211 38
212 38
213 38
214 39
215 39
216 38
217 38
218 38
219 38
220 38
221 39
222 38
223 38
224 39
225 39
226 40
227 40
228 40
229 40
230 40
231 40
232 40
233 41
234 41
235 40
236 41
237 41
238 41
239 41
240 41
241 41
242 41
243 41
244 41
245 40
246 41
247 41
248 41
249 41
250 41
251 41
252 42
253 40
254 41
255 41
256 41
257 41
258 40
259 41
260 41
261 42
262 42
263 42
264 43
265 42
266 40
267 41
268 41
269 41
270 40
271 40
272 41
273 41
274 41
275 40
276 40
277 40
278 41
279 41
280 41
281 41
282 41
283 41
284 41
285 41
286 41
287 42
288 42
289 41
290 41
291 41
292 41
293 41
294 42
295 42
296 41
297 41
298 41
299 41
300 42
301 41
302 41
303 41
304 41
305 42
306 42
307 41
308 41
309 41
310 42
311 42
312 42
313 42
314 42
315 42
316 41
317 41
318 41
319 42
320 40
321 41
322 41
323 41
324 41
325 41
326 42
327 41
328 40
329 40
330 40
331 40
332 40
333 40
334 39
335 40
336 40
337 39
338 40
339 40
340 40
341 40
342 40
343 40
344 40
345 40
346 39
347 38
348 38
349 38
350 38
351 38
352 37
353 35
354 35
355 35
356 36
357 37
358 38
359 39
360 39
361 40
362 40
363 40
364 41
365 41
366 41
367 42
368 42
369 42
370 42
371 42
372 41
373 41
374 41
375 42
376 42
377 42
378 41
379 41
380 41
381 41
382 41
383 41
384 40
385 40
386 41
387 41
388 41
389 41
390 41
391 41
392 40
393 40
394 40
395 40
396 39
397 40
398 40
399 40
400 40
401 39
402 40
403 40
404 40
405 41
406 41
407 41
408 41
409 41
410 40
411 40
412 41
413 41
414 41
415 41
416 41
417 41
418 41
419 41
420 41
421 42
422 42
423 42
424 42
425 41
426 42
427 41
428 41
429 41
430 41
431 41
432 41
433 41
434 41
435 41
436 41
437 41
438 41
439 41
440 41
441 41
442 41
443 41
444 41
445 41
446 41
447 41
448 41
449 41
450 40
451 40
452 40
453 37
454 39
455 39
456 39
457 39
458 38
459 37
460 36
461 37
462 38
463 38
464 38
465 38
466 40
467 40
468 41
469 41
470 41
471 41
472 40
473 40
474 40
475 41
476 40
477 41
478 41
479 41
480 41
481 41
482 39
483 40
484 40
485 41
486 42
487 42
488 42
489 42
490 42
491 40
492 40
493 41
494 41
495 41
496 41
497 41
498 41
499 41
500 40
501 40
502 41
503 41
504 41
505 41
506 42
507 41
508 41
509 41
510 41
511 41
512 41
513 41
514 41
515 40
516 40
517 39
518 40
519 40
520 40
521 40
522 41
523 41
524 40
525 39
526 38
527 39
528 40
529 40
530 40
531 40
532 39
533 40
534 39
535 40
536 41
537 41
538 40
539 39
540 39
541 39
542 39
543 39
544 39
545 39
546 37
547 35
548 36
549 36
550 36
551 37
552 37
553 38
554 39
555 40
556 40
557 41
558 41
559 41
560 41
561 42
562 43
563 42
564 42
565 42
566 42
567 42
568 42
569 42
570 42
571 42
572 40
573 40
574 40
575 40
576 40
577 40
578 41
579 41
580 40
581 41
582 40
583 41
584 41
585 42
586 42
587 42
588 42
589 42
590 42
591 41
592 41
593 42
594 42
595 43
596 43
597 43
598 43
599 42
600 42
601 42
602 43
603 42
604 42
605 42
606 42
607 42
608 42
609 42
610 43
611 42
612 42
613 42
614 42
615 41
616 41
617 41
618 41
619 40
620 38
621 36
622 36
623 35
624 35
625 36
626 36
627 37
628 37
629 37
630 37
631 38
632 38
633 38
634 38
635 38
636 38
637 39
638 39
639 39
640 40
641 40
642 40
643 41
644 40
645 40
646 40
647 40
648 40
649 41
650 39
651 40
652 40
653 40
654 40
655 40
656 40
657 39
658 40
659 40
660 40
661 40
662 40
663 40
664 39
665 39
666 40
667 40
668 41
669 41
670 41
671 41
672 41
673 41
674 41
675 41
676 41
677 42
678 41
679 41
680 41
681 42
682 41
683 41
684 41
685 41
686 41
687 41
688 42
689 41
690 40
691 40
692 41
693 41
694 41
695 41
696 41
697 40
698 40
699 41
700 41
701 41
702 42
703 42
704 42
705 42
706 42
707 42
708 42
709 42
710 42
711 42
712 42
713 41
714 42
715 42
716 42
717 42
718 42
719 42
720 42
721 42
722 42
723 42
724 43
725 43
726 42
727 42
728 42
729 42
730 43
731 43
732 43
733 43
734 43
735 44
736 44
737 43
738 43
739 43
740 43
741 43
742 41
743 40
744 40
745 40
746 39
747 38
748 36
749 36
750 37
751 38
752 39
753 39
754 40
755 40
756 41
757 41
758 41
759 41
760 41
761 41
762 41
763 41
764 41
765 41
766 41
767 41
768 41
769 41
770 41
771 41
772 41
773 41
774 42
775 41
776 41
777 41
778 41
779 42
780 42
781 42
782 42
783 42
784 42
785 42
786 42
787 42
788 42
789 42
790 42
791 43
792 43
793 42
794 42
795 42
796 42
797 42
798 41
799 41
800 42
801 42
802 42
803 42
804 42
805 42
806 43
807 42
808 42
809 42
810 42
811 42
812 42
813 41
814 40
815 41
816 41
817 41
818 42
819 42
820 42
821 42
822 42
823 42
824 42
825 43
826 43
827 43
828 43
829 43
830 43
831 43
832 43
833 43
834 43
835 43
836 43
837 43
838 42
839 42
840 42
841 42
842 42
843 41
844 40
845 41
846 41
847 38
848 38
849 38
850 37
851 37
852 37
853 38
854 38
855 39
856 39
857 39
858 40
859 39
860 40
861 40
862 41
863 41
864 41
865 41
866 41
867 41
868 41
869 41
870 42
871 42
872 42
873 41
874 41
875 41
876 41
877 42
878 42
879 42
880 42
881 42
882 42
883 42
884 42
885 43
886 43
887 43
888 43
889 43
890 43
891 43
892 43
893 42
894 41
895 41
896 40
897 39
898 39
899 39
900 39
901 40
902 40
903 40
904 39
905 36
906 36
907 37
908 37
909 38
910 38
911 39
912 40
913 40
914 41
915 42
916 42
917 43
918 42
919 42
920 42
921 43
922 43
923 43
924 43
925 43
926 43
927 41
928 40
929 40
930 41
931 41
932 41
933 42
934 41
935 42
936 42
937 41
938 42
939 42
940 42
941 42
942 42
943 42
944 43
945 43
946 43
947 43
948 43
949 43
950 43
951 44
952 44
953 44
954 44
955 43
956 43
957 43
958 43
959 43
960 43
961 43
962 43
963 43
964 42
965 42
966 41
967 40
968 40
969 39
970 37
971 37
972 36
973 35
974 36
975 36
976 37
977 37
978 37
979 38
980 38
981 38
982 38
983 39
984 39
985 40
986 40
987 40
988 40
989 41
990 40
991 40
992 41
993 41
994 41
995 40
996 40
997 38
998 39
999 39
1000 40
1001 40
1002 40
1003 40
1004 40
1005 41
1006 41
1007 41
1008 42
1009 42
1010 42
1011 42
1012 41
1013 41
1014 41
1015 42
1016 42
1017 42
1018 43
1019 43
1020 43
1021 42
1022 42
1023 42
1024 43
1025 43
1026 42
1027 40
1028 40
1029 40
1030 40
1031 40
1032 40
1033 40
1034 39
1035 36
1036 37
1037 37
1038 38
1039 38
1040 38
1041 39
1042 39
1043 40
1044 40
1045 40
1046 41
1047 41
1048 42
1049 43
1050 43
1051 43
1052 43
1053 42
1054 42
1055 43
1056 43
1057 43
1058 42
1059 42
1060 41
1061 42
1062 42
1063 42
1064 41
1065 42
1066 42
1067 42
1068 42
1069 42
1070 42
1071 42
1072 42
1073 41
1074 41
1075 41
1076 42
1077 42
1078 42
1079 42
1080 42
1081 42
1082 42
1083 42
1084 42
1085 42
1086 42
1087 42
1088 42
1089 42
1090 42
1091 42
1092 42
1093 41
1094 40
1095 40
1096 40
1097 41
1098 39
1099 40
1100 40
1101 40
1102 40
1103 40
1104 41
1105 41
1106 41
1107 41
1108 41
1109 42
1110 42
1111 42
1112 42
1113 42
1114 42
1115 42
1116 42
1117 40
1118 38
1119 37
1120 35
1121 35
1122 36
1123 37
1124 38
1125 38
1126 37
1127 37
1128 38
1129 39
1130 37
1131 38
1132 39
1133 37
1134 37
1135 35
1136 35
1137 34
1138 34
1139 35
1140 35
1141 36
1142 36
1143 36
1144 37
1145 37
1146 38
1147 38
1148 39
1149 40
1150 40
1151 40
1152 40
1153 40
1154 40
1155 40
1156 41
1157 42
1158 42
1159 41
1160 41
1161 42
1162 42
1163 42
1164 42
1165 42
1166 42
1167 42
1168 43
1169 43
1170 43
1171 42
1172 42
1173 42
1174 42
1175 42
1176 42
1177 42
1178 41
1179 39
1180 39
1181 39
1182 39
1183 38
1184 36
1185 35
1186 36
1187 37
1188 38
1189 39
1190 40
1191 40
1192 41
1193 41
1194 41
1195 41
1196 42
1197 42
1198 43
1199 42
1200 43
1201 42
1202 43
1203 42
1204 42
1205 43
1206 42
1207 42
1208 42
1209 42
1210 42
1211 42
1212 42
1213 42
1214 42
1215 42
1216 42
1217 42
1218 42
1219 42
1220 42
1221 42
1222 42
1223 42
1224 42
1225 42
1226 43
1227 42
1228 43
1229 43
1230 43
1231 43
1232 43
1233 43
1234 43
1235 43
1236 43
1237 43
1238 43
1239 43
1240 44
1241 44
1242 44
1243 43
1244 43
1245 43
1246 43
1247 43
1248 44
1249 45
1250 45
1251 44
1252 44
1253 43
1254 43
1255 42
1256 39
1257 38
1258 37
1259 38
1260 38
1261 38
1262 38
1263 38
1264 38
1265 39
1266 38
1267 39
1268 39
1269 39
1270 40
1271 40
1272 40
1273 41
1274 41
1275 41
1276 41
1277 41
1278 41
1279 40
1280 41
1281 41
1282 41
1283 41
1284 42
1285 42
1286 42
1287 42
1288 41
1289 42
1290 42
1291 42
1292 41
1293 41
1294 41
1295 41
1296 41
1297 41
1298 42
1299 42
1300 41
1301 42
1302 42
1303 42
1304 42
1305 42
1306 42
1307 42
1308 42
1309 42
1310 42
1311 42
1312 42
1313 42
1314 42
1315 42
1316 42
1317 42
1318 42
1319 42
1320 41
1321 39
1322 39
1323 40
1324 38
1325 38
1326 36
1327 37
1328 37
1329 38
1330 39
1331 39
1332 40
1333 40
1334 39
1335 39
1336 39
1337 39
1338 39
1339 39
1340 38
1341 38
1342 38
1343 38
1344 38
1345 37
1346 38
1347 36
1348 35
1349 36
1350 35
1351 36
1352 37
1353 38
1354 39
1355 39
1356 39
1357 39
1358 40
1359 40
1360 40
1361 40
1362 40
1363 40
1364 40
1365 41
1366 41
1367 41
1368 40
1369 40
1370 40
1371 41
1372 41
1373 41
1374 41
1375 41
1376 41
1377 41
1378 41
1379 41
1380 41
1381 41
1382 41
1383 41
1384 42
1385 41
1386 41
1387 41
1388 41
1389 42
1390 42
1391 42
1392 42
1393 42
1394 42
1395 42
1396 42
1397 42
1398 42
1399 41
1400 42
1401 42
1402 42
1403 43
1404 43
1405 43
1406 43
1407 43
1408 43
1409 43
1410 43
1411 43
1412 42
1413 42
1414 42
1415 43
1416 42
1417 43
1418 44
1419 44
1420 44
1421 44
1422 44
1423 44
1424 44
1425 44
1426 44
1427 44
1428 44
1429 44
1430 43
1431 43
1432 43
1433 44
1434 44
1435 44
1436 44
1437 44
1438 44
1439 43
1440 43
1441 43
1442 43
1443 43
1444 44
1445 44
1446 44
1447 43
1448 41
1449 40
1450 40
1451 40
1452 37
1453 38
1454 38
1455 37
1456 36
1457 34
1458 34
1459 35
1460 35
1461 35
1462 36
1463 36
1464 37
1465 37
1466 38
1467 39
1468 39
1469 40
1470 40
1471 39
1472 39
1473 39
1474 40
1475 40
1476 40
1477 40
1478 41
1479 40
1480 40
1481 41
1482 41
1483 41
1484 42
1485 40
1486 38
1487 36
1488 35
1489 33
1490 32
1491 31
1492 29
1493 31
1494 31
1495 32
1496 32
1497 31
1498 32
1499 33
1500 34
1501 35
1502 35
1503 33
1504 32
1505 33
1506 34
1507 35
1508 35
1509 36
1510 37
1511 36
1512 35
1513 36
1514 37
1515 37
1516 38
1517 39
1518 39
1519 39
1520 39
1521 39
1522 39
1523 39
1524 38
1525 38
1526 37
1527 38
1528 39
1529 39
1530 39
1531 40
1532 39
1533 39
1534 40
1535 40
1536 40
1537 41
1538 41
1539 41
1540 41
1541 41
1542 41
1543 41
1544 42
1545 42
1546 42
1547 42
1548 42
1549 42
1550 42
1551 42
1552 42
1553 43
1554 43
1555 43
1556 43
1557 43
1558 43
1559 43
1560 43
1561 43
1562 43
1563 43
1564 43
1565 42
1566 42
1567 43
1568 43
1569 43
1570 43
1571 42
1572 41
1573 42
1574 42
1575 42
1576 39
1577 39
1578 38
1579 38
1580 37
1581 36
1582 35
1583 36
1584 36
1585 37
1586 37
1587 38
1588 38
1589 38
1590 39
1591 39
1592 39
1593 38
1594 39
1595 38
1596 39
1597 39
1598 40
1599 40
1600 40
1601 40
1602 40
1603 41
1604 40
1605 41
1606 41
1607 41
1608 41
1609 41
1610 41
1611 41
1612 40
1613 41
1614 41
1615 41
1616 42
1617 41
1618 41
1619 41
1620 41
1621 42
1622 42
1623 42
1624 42
1625 42
1626 42
1627 42
1628 42
1629 42
1630 42
1631 42
1632 43
1633 43
1634 42
1635 42
1636 42
1637 42
1638 42
1639 42
1640 42
1641 41
1642 40
1643 40
1644 41
1645 41
1646 41
1647 42
1648 42
1649 42
1650 42
1651 41
1652 41
1653 41
1654 42
1655 42
1656 41
1657 41
1658 39
1659 39
1660 39
1661 39
1662 39
1663 39
1664 36
1665 37
1666 37
1667 37
1668 38
1669 39
1670 39
1671 39
1672 39
1673 40
1674 40
1675 41
1676 41
1677 40
1678 40
1679 40
1680 40
1681 40
1682 40
1683 40
1684 40
1685 40
1686 40
1687 41
1688 41
1689 41
1690 41
1691 41
1692 41
1693 40
1694 41
1695 42
1696 42
1697 42
1698 42
1699 42
1700 41
1701 41
1702 41
1703 41
1704 41
1705 42
1706 42
1707 41
1708 41
1709 41
1710 41
1711 40
1712 39
1713 38
1714 39
1715 39
1716 40
1717 39
1718 38
1719 39
1720 40
1721 40
1722 40
1723 41
1724 42
1725 42
1726 41
1727 41
1728 41
1729 41
1730 41
1731 41
1732 42
1733 41
1734 42
1735 42
1736 42
1737 43
1738 43
1739 43
1740 42
1741 41
1742 41
1743 41
1744 39
1745 39
1746 39
1747 40
1748 39
1749 39
1750 37
1751 35
1752 35
1753 36
1754 36
1755 37
1756 37
1757 38
1758 38
1759 38
1760 38
1761 38
1762 38
1763 38
1764 39
1765 39
1766 40
1767 39
1768 40
1769 40
1770 40
1771 39
1772 38
1773 39
1774 39
1775 40
1776 40
1777 40
1778 40
1779 40
1780 40
1781 41
1782 41
1783 41
1784 41
1785 41
1786 42
1787 42
1788 42
1789 42
1790 42
1791 42
1792 42
1793 41
1794 41
1795 41
1796 40
1797 39
1798 38
1799 38
1800 39
1801 39
1802 39
1803 39
1804 39
1805 37
1806 35
1807 35
1808 36
1809 36
1810 37
1811 38
1812 39
1813 39
1814 40
1815 40
1816 40
1817 41
1818 41
1819 41
1820 41
1821 41
1822 41
1823 41
1824 41
1825 41
1826 41
1827 41
1828 40
1829 40
1830 41
1831 41
1832 41
1833 41
1834 41
1835 41
1836 41
1837 41
1838 41
1839 41
1840 41
1841 41
1842 41
1843 41
1844 42
1845 42
1846 42
1847 42
1848 42
1849 42
1850 42
1851 42
1852 43
1853 43
1854 42
1855 42
1856 42
1857 42
1858 42
1859 42
1860 42
1861 42
1862 42
1863 42
1864 42
1865 42
1866 42
1867 42
1868 42
1869 42
1870 42
1871 41
1872 41
1873 41
1874 41
1875 38
1876 38
1877 38
1878 38
1879 37
1880 36
1881 35
1882 37
1883 37
1884 38
1885 38
1886 38
1887 38
1888 39
1889 39
1890 40
1891 40
1892 40
1893 40
1894 41
1895 41
1896 40
1897 41
1898 41
1899 41
1900 41
1901 41
1902 41
1903 42
1904 42
1905 42
1906 42
1907 42
1908 41
1909 40
1910 39
1911 39
1912 40
1913 40
1914 40
1915 41
1916 40
1917 41
1918 41
1919 41
1920 41
1921 41
1922 41
1923 41
1924 39
1925 39
1926 38
1927 39
1928 39
1929 40
1930 40
1931 40
1932 39
1933 40
1934 41
1935 41
1936 41
1937 40
1938 41
1939 40
1940 37
1941 37
1942 38
1943 38
1944 39
1945 40
1946 41
1947 41
1948 41
1949 42
1950 43
1951 43
1952 43
1953 42
1954 43
1955 42
1956 42
1957 42
1958 42
1959 42
1960 42
1961 42
1962 42
1963 42
1964 42
1965 42
1966 42
1967 41
1968 41
1969 41
1970 41
1971 42
1972 42
1973 42
1974 42
1975 42
1976 42
1977 41
1978 41
1979 42
1980 42
1981 41
1982 42
1983 41
1984 42
1985 41
1986 42
1987 42
1988 42
1989 42
1990 41
1991 39
1992 40
1993 40
1994 40
1995 41
1996 41
1997 41
1998 41
1999 40
2000 40
2001 41
2002 41
2003 41
2004 41
2005 41
2006 41
2007 41
2008 41
2009 41
2010 41
2011 41
2012 42
2013 42
2014 42
2015 43
2016 43
2017 42
2018 41
2019 41
2020 39
2021 37
2022 37
2023 36
2024 35
2025 34
2026 34
2027 35
2028 35
2029 34
2030 32
2031 31
2032 31
2033 31
2034 32
2035 32
2036 33
2037 34
2038 35
2039 35
2040 37
2041 37
2042 38
2043 38
2044 38
2045 38
2046 38
2047 39
2048 40
2049 40
2050 40
2051 39
2052 39
2053 39
2054 40
2055 40
2056 40
2057 41
2058 41
2059 40
2060 41
2061 40
2062 41
2063 41
2064 41
2065 42
2066 42
2067 42
2068 41
2069 41
2070 41
2071 41
2072 42
2073 42
2074 42
2075 42
2076 42
2077 41
2078 42
2079 42
2080 42
2081 42
2082 42
2083 42
2084 42
2085 42
2086 42
2087 41
2088 41
2089 41
2090 41
2091 42
2092 42
2093 40
2094 39
2095 39
2096 39
2097 39
2098 39
2099 37
2100 35
2101 34
2102 34
2103 33
2104 34
2105 35
2106 36
2107 37
2108 38
2109 39
2110 39
2111 40
2112 40
2113 40
2114 41
2115 40
2116 40
2117 40
2118 41
2119 41
2120 41
2121 41
2122 41
2123 41
2124 41
2125 41
2126 41
2127 40
2128 41
2129 41
2130 41
2131 40
2132 41
2133 41
2134 41
2135 42
2136 42
2137 42
2138 42
2139 42
2140 42
2141 43
2142 43
2143 43
2144 43
2145 43
2146 43
2147 43
2148 43
2149 43
2150 43
2151 43
2152 43
2153 43
2154 43
2155 43
2156 43
2157 43
2158 43
2159 43
2160 43
2161 43
2162 43
2163 43
2164 44
2165 44
2166 44
2167 43
2168 42
2169 41
2170 42
2171 39
2172 39
2173 38
2174 37
2175 37
2176 37
2177 38
2178 38
2179 38
2180 39
2181 39
2182 39
2183 40
2184 41
2185 40
2186 40
2187 41
2188 41
2189 41
2190 41
2191 41
