0 58
1 54
2 53
3 52
4 52
5 51
6 49
7 48
8 47
9 47
10 46
11 46
12 46
13 45
14 46
15 45
16 45
17 45
18 45
19 43
20 41
21 41
22 42
23 42
24 42
25 42
26 42
27 42
28 42
29 42
30 42
31 42
32 42
33 42
34 42
35 42
36 42
37 43
38 43
39 42
40 42
41 41
42 40
43 40
44 41
45 41
46 41
47 41
48 42
49 40
50 41
51 41
52 42
53 41
54 41
55 41
56 42
57 42
58 42
59 41
60 40
61 37
62 36
63 36
64 37
65 38
66 38
67 39
68 39
69 39
70 39
71 39
72 39
73 39
74 40
75 40
76 41
77 41
78 41
79 42
80 42
81 42
82 42
83 41
84 42
85 42
86 42
87 42
88 42
89 43
90 44
91 44
92 44
93 45
94 43
95 44
96 44
97 43
98 43
99 43
100 43
101 44
102 44
103 44
104 44
105 43
106 42
107 43
108 43
109 43
110 43
111 42
112 42
113 43
114 43
115 43
116 43
117 43
118 44
119 44
120 44
121 43
122 43
123 43
124 43
125 42
126 42
127 43
128 43
129 43
130 42
131 41
132 42
133 42
134 42
135 43
136 43
137 43
138 43
139 43
140 43
141 43
142 42
143 43
144 43
145 43
146 43
147 43
148 43
149 42
150 42
151 42
152 42
153 42
154 43
155 44
156 44
157 44
158 44
159 44
160 43
161 43
162 43
163 43
164 43
165 44
166 44
167 43
168 43
169 43
170 43
171 43
172 43
173 42
174 42
175 43
176 43
177 43
178 43
179 43
180 43
181 43
182 44
183 43
184 43
185 43
186 43
187 43
188 43
189 41
190 41
191 41
192 41
193 41
194 40
195 41
196 38
197 37
198 37
199 38
200 39
201 39
202 39
203 40
204 40
205 41
206 41
207 41
208 41
209 41
210 41
211 42
212 42
213 42
214 43
215 44
216 44
217 44
218 44
219 43
220 43
221 43
222 43
223 43
224 43
225 43
226 43
227 43
228 44
229 43
230 43
231 43
232 43
233 44
234 43
235 43
236 43
237 44
238 44
239 44
240 44
241 44
242 44
243 44
244 44
245 44
246 44
247 44
248 44
249 44
250 44
251 44
252 44
253 45
254 45
255 45
256 45
257 45
258 45
259 44
260 44
261 44
262 44
263 44
264 44
265 43
266 44
267 44
268 44
269 44
270 43
271 42
272 42
273 42
274 39
275 38
276 38
277 37
278 36
279 35
280 35
281 36
282 37
283 38
284 39
285 39
286 39
287 40
288 40
289 40
290 41
291 41
292 42
293 41
294 41
295 41
296 42
297 42
298 42
299 43
300 43
301 43
302 41
303 41
304 41
305 41
306 41
307 41
308 41
309 42
310 42
311 42
312 41
313 41
314 41
315 42
316 42
317 42
318 42
319 42
320 42
321 42
322 42
323 42
324 42
325 42
326 43
327 43
328 44
329 43
330 43
331 43
332 43
333 42
334 42
335 43
336 43
337 43
338 43
339 43
340 43
341 42
342 43
343 43
344 43
345 42
346 42
347 43
348 43
349 43
350 43
351 43
352 42
353 42
354 42
355 42
356 42
357 42
358 42
359 42
360 42
361 42
362 42
363 42
364 42
365 43
366 43
367 43
368 42
369 43
370 43
371 42
372 42
373 42
374 43
375 43
376 43
377 43
378 43
379 43
380 44
381 44
382 43
383 43
384 43
385 44
386 43
387 43
388 41
389 41
390 42
391 42
392 42
393 41
394 41
395 39
396 37
397 36
398 37
399 37
400 38
401 38
402 39
403 39
404 40
405 41
406 41
407 41
408 42
409 42
410 42
411 43
412 44
413 45
414 45
415 45
416 45
417 46
418 46
419 46
420 45
421 44
422 44
423 45
424 46
425 46
426 45
427 44
428 44
429 44
430 44
431 44
432 44
433 44
434 44
435 44
436 45
437 45
438 45
439 45
440 45
441 45
442 45
443 45
444 45
445 45
446 45
447 45
448 45
449 45
450 45
451 44
452 45
453 44
454 44
455 45
456 45
457 45
458 46
459 45
460 44
461 45
462 44
463 44
464 41
465 39
466 38
467 38
468 39
469 39
470 39
471 39
472 40
473 40
474 40
475 40
476 41
477 41
478 42
479 43
480 44
481 42
482 41
483 41
484 41
485 42
486 42
487 42
488 43
489 42
490 42
491 42
492 43
493 43
494 43
495 43
496 43
497 43
498 43
499 43
500 43
501 44
502 44
503 44
504 44
505 44
506 44
507 44
508 43
509 43
510 43
511 40
512 41
513 41
514 41
515 40
516 40
517 39
518 36
519 37
520 38
521 38
522 39
523 40
524 40
525 40
526 41
527 42
528 43
529 43
530 43
531 43
532 43
533 43
534 43
535 44
536 43
537 43
538 43
539 43
540 43
541 43
542 44
543 44
544 45
545 46
546 46
547 46
548 46
549 46
550 46
551 45
552 45
553 45
554 45
555 44
556 44
557 44
558 44
559 44
560 44
561 43
562 43
563 44
564 44
565 43
566 44
567 44
568 45
569 44
570 43
571 44
572 44
573 44
574 44
575 44
576 43
577 43
578 43
579 43
580 43
581 43
582 44
583 44
584 44
585 43
586 43
587 43
588 43
589 43
590 43
591 44
592 43
593 43
594 44
595 43
596 43
597 43
598 43
599 44
600 44
601 44
602 44
603 43
604 43
605 43
606 44
607 44
608 43
609 44
610 43
611 43
612 44
613 43
614 44
615 44
616 44
617 44
618 43
619 42
620 42
621 43
622 40
623 39
624 40
625 40
626 40
627 40
628 39
629 38
630 38
631 39
632 39
633 39
634 39
635 39
636 40
637 41
638 40
639 39
640 41
641 41
642 41
643 42
644 42
645 42
646 42
647 42
648 42
649 43
650 42
651 42
652 42
653 43
654 43
655 43
656 42
657 42
658 42
659 44
660 44
661 44
662 43
663 43
664 43
665 43
666 44
667 44
668 44
669 44
670 44
671 43
672 43
673 43
674 43
675 43
676 44
677 44
678 44
679 44
680 44
681 45
682 45
683 44
684 44
685 44
686 44
687 44
688 44
689 43
690 43
691 43
692 43
693 43
694 41
695 39
696 38
697 36
698 35
699 35
700 36
701 37
702 37
703 38
704 38
705 38
706 37
707 35
708 35
709 36
710 35
711 36
712 37
713 38
714 38
715 37
716 37
717 38
718 39
719 39
720 39
721 39
722 39
723 40
724 41
725 41
726 41
727 41
728 42
729 42
730 42
731 42
732 41
733 42
734 42
735 42
736 43
737 42
738 42
739 43
740 43
741 43
742 43
743 43
744 43
745 44
746 44
747 44
748 44
749 44
750 44
751 44
752 45
753 46
754 46
755 45
756 45
757 45
758 45
759 45
760 45
761 45
762 45
763 45
764 46
765 46
766 46
767 46
768 46
769 45
770 45
771 45
772 44
773 45
774 45
775 45
776 44
777 43
778 42
779 43
780 44
781 43
782 40
783 40
784 40
785 39
786 40
787 38
788 38
789 39
790 39
791 38
792 39
793 40
794 40
795 40
796 40
797 41
798 41
799 41
800 41
801 41
802 41
803 41
804 42
805 42
806 42
807 42
808 41
809 41
810 42
811 42
812 42
813 43
814 43
815 42
816 43
817 43
818 43
819 43
820 43
821 43
822 43
823 43
824 43
825 44
826 44
827 44
828 44
829 44
830 44
831 44
832 43
833 44
834 43
835 42
836 41
837 40
838 38
839 39
840 38
841 38
842 39
843 39
844 39
845 38
846 36
847 34
848 33
849 32
850 30
851 28
852 27
853 26
854 25
855 25
856 27
857 29
858 31
859 32
860 33
861 35
862 36
863 35
864 34
865 35
866 36
867 36
868 37
869 37
870 37
871 38
872 39
873 39
874 40
875 40
876 41
877 41
878 40
879 40
880 40
881 39
882 37
883 35
884 33
885 32
886 32
887 31
888 31
889 30
890 30
891 29
892 30
893 29
894 31
895 30
896 30
897 31
898 30
899 30
900 30
901 31
902 32
903 34
904 35
905 35
906 34
907 33
908 34
909 34
910 34
911 35
912 34
913 34
914 35
915 36
916 37
917 37
918 38
919 38
920 38
921 37
922 38
923 38
924 38
925 38
926 37
927 38
928 38
929 38
930 39
931 40
932 41
933 41
934 41
935 41
936 41
937 41
938 42
939 42
940 42
941 41
942 41
943 42
944 42
945 42
946 42
947 42
948 41
949 42
950 43
951 42
952 43
953 43
954 43
955 43
956 42
957 42
958 42
959 42
960 42
961 41
962 42
963 42
964 42
965 43
966 43
967 43
968 42
969 42
970 42
971 41
972 40
973 40
974 39
975 40
976 41
977 41
978 41
979 43
980 43
981 43
982 43
983 43
984 42
985 40
986 39
987 39
988 39
989 40
990 39
991 37
992 36
993 37
994 37
995 38
996 37
997 35
998 34
999 34
1000 34
1001 32
1002 32
1003 31
1004 31
1005 30
1006 30
1007 31
1008 32
1009 33
1010 33
1011 34
1012 35
1013 37
1014 37
1015 38
1016 39
1017 39
1018 39
1019 40
1020 39
1021 40
1022 41
1023 41
1024 43
1025 44
1026 44
1027 44
1028 43
1029 43
1030 43
1031 44
1032 44
1033 44
1034 44
1035 44
1036 44
1037 44
1038 44
1039 44
1040 44
1041 44
1042 43
1043 43
1044 44
1045 44
1046 44
1047 44
1048 43
1049 43
1050 44
1051 44
1052 44
1053 44
1054 43
1055 43
1056 44
1057 43
1058 43
1059 43
1060 43
1061 43
1062 43
1063 44
1064 42
1065 42
1066 41
1067 41
1068 41
1069 42
1070 42
1071 42
1072 42
1073 42
1074 41
1075 42
1076 42
1077 42
1078 42
1079 42
1080 43
1081 43
1082 43
1083 43
1084 43
1085 43
1086 42
1087 42
1088 43
1089 43
1090 43
1091 43
1092 41
1093 43
1094 43
1095 43
1096 42
1097 43
1098 43
1099 43
1100 42
1101 42
1102 42
1103 42
1104 42
1105 42
1106 42
1107 42
1108 42
1109 43
1110 43
1111 42
1112 43
1113 43
1114 43
1115 43
1116 43
1117 43
1118 43
1119 42
1120 42
1121 42
1122 43
1123 43
1124 43
1125 43
1126 44
1127 43
1128 43
1129 43
1130 43
1131 43
1132 43
1133 43
1134 43
1135 43
1136 43
1137 42
1138 43
1139 43
1140 43
1141 44
1142 43
1143 43
1144 43
1145 43
1146 43
1147 43
1148 43
1149 44
1150 44
1151 44
1152 43
1153 44
1154 43
1155 43
1156 42
1157 43
1158 44
1159 44
1160 44
1161 44
1162 44
1163 43
1164 43
1165 43
1166 43
1167 42
1168 43
1169 43
1170 43
1171 43
1172 43
1173 43
1174 43
1175 43
1176 43
1177 43
1178 43
1179 43
1180 43
1181 43
1182 43
1183 43
1184 43
1185 43
1186 43
1187 43
1188 43
1189 43
1190 43
1191 42
1192 43
1193 43
1194 43
1195 43
1196 41
1197 41
1198 42
1199 42
1200 43
1201 43
1202 42
1203 42
1204 43
1205 43
1206 43
1207 43
1208 42
1209 43
1210 43
1211 43
1212 43
1213 42
1214 42
1215 43
1216 43
1217 42
1218 42
1219 42
1220 42
1221 42
1222 41
1223 41
1224 42
1225 42
1226 42
1227 42
1228 42
1229 43
1230 43
1231 42
1232 42
1233 42
1234 43
1235 42
1236 43
1237 43
1238 43
1239 43
1240 43
1241 43
1242 43
1243 43
1244 43
1245 44
1246 44
1247 44
1248 43
1249 43
1250 43
1251 44
1252 43
1253 43
1254 43
1255 43
1256 43
1257 43
1258 43
1259 43
1260 42
1261 42
1262 42
1263 42
1264 43
1265 43
1266 43
1267 43
1268 43
1269 43
1270 43
1271 43
1272 44
1273 44
1274 43
1275 43
1276 43
1277 44
1278 44
1279 44
1280 43
1281 43
1282 44
1283 44
1284 44
1285 43
1286 43
1287 43
1288 43
1289 43
1290 44
1291 44
1292 43
1293 43
1294 44
1295 44
1296 44
1297 43
1298 43
1299 43
1300 42
1301 43
1302 43
1303 44
1304 44
1305 44
1306 44
1307 43
1308 43
1309 43
1310 43
1311 43
1312 43
1313 43
1314 43
1315 43
1316 42
1317 42
1318 43
1319 43
1320 43
1321 43
1322 43
1323 43
1324 43
1325 43
1326 43
1327 43
1328 43
1329 43
1330 42
1331 42
1332 42
1333 43
1334 43
1335 43
1336 43
1337 44
1338 44
1339 42
1340 43
1341 43
1342 43
1343 43
1344 43
1345 43
1346 43
1347 43
1348 43
1349 43
1350 43
1351 43
1352 42
1353 43
1354 43
1355 43
1356 43
1357 43
1358 43
1359 43
1360 43
1361 43
1362 43
1363 42
1364 42
1365 42
1366 43
1367 42
1368 42
1369 43
1370 42
1371 43
1372 42
1373 43
1374 43
1375 42
1376 43
1377 43
1378 43
1379 43
1380 43
1381 42
1382 42
1383 42
1384 43
1385 42
1386 43
1387 43
1388 43
1389 43
1390 42
1391 42
1392 42
1393 42
1394 40
1395 41
1396 41
1397 41
1398 41
1399 41
1400 38
1401 37
1402 35
1403 35
1404 36
1405 37
1406 38
1407 38
1408 39
1409 40
1410 39
1411 39
1412 40
1413 40
1414 41
1415 41
1416 41
1417 41
1418 42
1419 41
1420 41
1421 42
1422 42
1423 42
1424 42
1425 41
1426 40
1427 40
1428 40
1429 40
1430 41
1431 41
1432 41
1433 41
1434 41
1435 41
1436 41
1437 42
1438 42
1439 42
1440 42
1441 42
1442 42
1443 43
1444 43
1445 43
1446 43
1447 43
1448 42
1449 42
1450 42
1451 43
1452 41
1453 42
1454 42
1455 43
1456 42
1457 41
1458 40
1459 39
1460 39
1461 38
1462 38
1463 38
1464 38
1465 39
1466 38
1467 39
1468 40
1469 40
1470 39
1471 39
1472 40
1473 41
1474 41
1475 41
1476 42
1477 42
1478 42
1479 42
1480 42
1481 42
1482 42
1483 43
1484 43
1485 43
1486 43
1487 44
1488 44
1489 45
1490 45
1491 45
1492 45
1493 44
1494 44
1495 44
1496 44
1497 44
1498 41
1499 42
1500 42
1501 42
1502 43
1503 43
1504 43
1505 43
1506 43
1507 43
1508 42
1509 40
1510 40
1511 40
1512 40
1513 40
1514 39
1515 40
1516 40
1517 40
1518 40
1519 40
1520 40
1521 41
1522 41
1523 41
1524 41
1525 41
1526 42
1527 42
1528 41
1529 42
1530 42
1531 42
1532 42
1533 43
1534 43
1535 41
1536 41
1537 42
1538 42
1539 43
1540 43
1541 43
1542 42
1543 42
1544 43
1545 43
1546 43
1547 43
1548 44
1549 44
1550 44
1551 44
1552 42
1553 41
1554 41
1555 41
1556 41
1557 41
1558 42
1559 42
1560 42
1561 42
1562 42
1563 42
1564 41
1565 42
1566 42
1567 42
1568 42
1569 43
1570 43
1571 44
1572 45
1573 45
1574 43
1575 43
1576 43
1577 43
1578 43
1579 44
1580 44
1581 44
1582 44
1583 44
1584 43
1585 43
1586 43
1587 42
1588 41
1589 41
1590 41
1591 41
1592 42
1593 41
1594 41
1595 40
1596 41
1597 41
1598 42
1599 42
1600 42
1601 42
1602 42
1603 42
1604 42
1605 42
1606 42
1607 42
1608 42
1609 42
1610 42
1611 42
1612 42
1613 42
1614 42
1615 42
1616 42
1617 42
1618 42
1619 43
1620 42
1621 42
1622 42
1623 43
1624 42
1625 43
1626 43
1627 43
1628 43
1629 42
1630 42
1631 43
1632 43
1633 43
1634 43
1635 43
1636 43
1637 43
1638 42
1639 42
1640 43
1641 42
1642 43
1643 43
1644 43
1645 42
1646 40
1647 41
1648 41
1649 42
1650 42
1651 42
1652 43
1653 43
1654 43
1655 43
1656 43
1657 42
1658 42
1659 43
1660 43
1661 43
1662 43
1663 43
1664 43
1665 42
1666 42
1667 43
1668 43
1669 43
1670 44
1671 43
1672 43
1673 43
1674 43
1675 43
1676 44
1677 44
1678 44
1679 44
1680 44
1681 44
1682 43
1683 43
1684 43
1685 43
1686 43
1687 43
1688 42
1689 43
1690 43
1691 43
1692 42
1693 43
1694 43
1695 42
1696 43
1697 43
1698 43
1699 43
1700 41
1701 40
1702 40
1703 39
1704 38
1705 39
1706 39
1707 39
1708 38
1709 38
1710 39
1711 38
1712 39
1713 40
1714 39
1715 40
1716 40
1717 39
1718 40
1719 40
1720 39
1721 39
1722 40
1723 40
1724 40
1725 39
1726 40
1727 40
1728 41
1729 42
1730 42
1731 42
1732 43
1733 44
1734 43
1735 43
1736 43
1737 43
1738 43
1739 43
1740 43
1741 43
1742 43
1743 42
1744 42
1745 43
1746 43
1747 43
1748 43
1749 43
1750 43
1751 43
1752 43
1753 42
1754 42
1755 43
1756 42
1757 42
1758 42
1759 43
1760 43
1761 43
1762 42
1763 42
1764 42
1765 43
1766 43
1767 43
1768 43
1769 44
1770 43
1771 43
1772 43
1773 43
1774 44
1775 43
1776 43
1777 43
1778 43
1779 43
1780 43
1781 42
1782 42
1783 43
1784 43
1785 43
1786 44
1787 45
1788 44
1789 45
1790 45
1791 45
1792 45
1793 44
1794 44
1795 44
1796 44
1797 44
1798 44
1799 44
1800 44
1801 43
1802 44
1803 44
1804 44
1805 44
1806 43
1807 43
1808 43
1809 43
1810 44
1811 44
1812 44
1813 44
1814 44
1815 44
1816 43
1817 44
1818 44
1819 44
1820 44
1821 44
1822 45
1823 45
1824 46
1825 45
1826 45
1827 45
1828 45
1829 44
1830 44
1831 44
1832 44
1833 44
1834 45
1835 44
1836 44
1837 44
1838 43
1839 44
1840 44
1841 43
1842 44
1843 45
1844 43
1845 44
1846 43
1847 43
1848 43
1849 43
1850 42
1851 43
1852 42
1853 42
1854 42
1855 43
1856 44
1857 44
1858 44
1859 44
1860 44
1861 43
1862 43
1863 43
1864 44
1865 43
1866 43
1867 43
1868 43
1869 43
1870 43
1871 43
1872 43
1873 43
1874 44
1875 43
1876 43
1877 44
1878 44
1879 44
1880 44
1881 44
1882 43
1883 44
1884 44
1885 43
1886 43
1887 43
1888 44
1889 43
1890 43
1891 43
1892 43
1893 43
1894 43
1895 44
1896 44
1897 43
1898 43
1899 43
1900 43
1901 43
1902 43
1903 43
1904 44
1905 44
1906 44
1907 44
1908 43
1909 43
1910 43
1911 43
1912 43
1913 43
1914 43
1915 43
1916 43
1917 43
1918 43
1919 43
1920 43
1921 43
1922 42
1923 42
1924 43
1925 42
1926 42
1927 42
1928 42
1929 42
1930 41
1931 41
1932 41
1933 41
1934 41
1935 40
1936 40
1937 40
1938 40
1939 40
1940 40
1941 40
1942 39
1943 40
1944 39
1945 38
1946 39
1947 38
1948 39
1949 39
1950 39
1951 38
1952 39
1953 39
1954 39
1955 39
1956 39
1957 39
1958 39
1959 39
1960 39
1961 39
1962 39
1963 39
1964 39
1965 39
1966 38
1967 39
1968 39
1969 39
1970 39
1971 39
1972 39
1973 39
1974 39
1975 39
1976 39
1977 39
1978 39
1979 40
1980 40
1981 40
1982 40
1983 40
1984 40
1985 40
1986 40
1987 40
1988 40
1989 40
1990 41
1991 40
1992 40
1993 40
1994 40
1995 40
1996 40
1997 40
1998 40
1999 40
2000 38
2001 38
2002 38
2003 38
2004 38
2005 39
2006 39
2007 38
2008 37
2009 35
2010 33
2011 34
2012 35
2013 35
2014 36
2015 37
2016 37
2017 38
2018 39
2019 39
2020 39
2021 40
2022 39
2023 40
2024 38
2025 38
2026 39
2027 39
2028 39
2029 39
2030 40
2031 40
2032 41
2033 41
2034 41
2035 42
2036 42
2037 42
2038 42
2039 42
2040 42
2041 42
2042 43
2043 43
2044 42
2045 42
2046 42
2047 42
2048 42
2049 40
2050 41
2051 41
2052 41
2053 41
2054 41
2055 42
2056 42
2057 42
2058 42
2059 42
2060 42
2061 42
2062 42
2063 43
2064 42
2065 42
2066 42
2067 42
2068 42
2069 42
2070 42
2071 42
2072 42
2073 42
2074 41
2075 41
2076 42
2077 42
2078 42
2079 42
2080 41
2081 42
2082 42
2083 41
2084 41
2085 41
2086 41
2087 41
