0 58
1 56
2 55
3 54
4 54
5 53
6 52
7 52
8 53
9 53
10 53
11 52
12 52
13 51
14 51
15 51
16 50
17 50
18 50
19 50
20 49
21 49
22 49
23 48
24 48
25 48
26 48
27 47
28 47
29 47
30 47
31 47
32 46
33 46
34 46
35 47
36 47
37 47
38 47
39 47
40 47
41 47
42 47
43 47
44 47
45 47
46 47
47 47
48 48
49 48
50 48
51 48
52 48
53 48
54 48
55 48
56 48
57 48
58 48
59 48
60 48
61 47
62 47
63 47
64 47
65 46
66 46
67 47
68 47
69 47
70 47
71 48
72 48
73 48
74 47
75 47
76 47
77 47
78 47
79 46
80 46
81 46
82 46
83 46
84 46
85 47
86 47
87 48
88 48
89 48
90 48
91 48
92 47
93 47
94 47
95 47
96 49
97 48
98 48
99 48
100 48
101 48
102 48
103 48
104 48
105 48
106 48
107 48
108 48
109 47
110 48
111 48
112 47
113 46
114 46
115 46
116 45
117 46
118 46
119 46
120 46
121 47
122 47
123 47
124 45
125 46
126 46
127 46
128 47
129 48
130 49
131 50
132 50
133 50
134 50
135 49
136 49
137 50
138 50
139 48
140 48
141 48
142 46
143 46
144 46
145 47
146 48
147 49
148 50
149 50
150 51
151 52
152 52
153 52
154 51
155 50
156 50
157 50
158 49
159 49
160 48
161 47
162 47
163 47
164 47
165 47
166 48
167 49
168 49
169 49
170 50
171 46
172 44
173 44
174 45
175 44
176 45
177 45
178 46
179 46
180 47
181 46
182 46
183 46
184 47
185 47
186 46
187 47
188 48
189 49
190 49
191 50
192 50
193 50
194 49
195 49
196 49
197 50
198 51
199 52
200 52
201 52
202 52
203 51
204 49
205 47
206 47
207 48
208 49
209 49
210 49
211 49
212 49
213 49
214 50
215 50
216 50
217 50
218 50
219 50
220 49
221 49
222 49
223 49
224 49
225 50
226 51
227 51
228 52
229 53
230 53
231 54
232 53
233 53
234 53
235 52
236 52
237 52
238 52
239 52
240 53
241 52
242 51
243 51
244 51
245 51
246 52
247 53
248 53
249 54
250 54
251 55
252 55
253 55
254 55
255 54
256 53
257 53
258 52
259 51
260 51
261 51
262 51
263 51
264 50
265 50
266 50
267 50
268 50
269 50
270 50
271 48
272 45
273 43
274 42
275 43
276 43
277 44
278 45
279 45
280 45
281 45
282 46
283 46
284 46
285 46
286 47
287 47
288 47
289 47
290 47
291 47
292 47
293 47
294 47
295 47
296 48
297 49
298 50
299 51
300 51
301 52
302 52
303 53
304 53
305 53
306 52
307 52
308 52
309 51
310 51
311 51
312 51
313 50
314 50
315 51
316 52
317 52
318 53
319 54
320 54
321 54
322 55
323 55
324 56
325 55
326 55
327 56
328 56
329 56
330 56
331 57
332 57
333 57
334 57
335 57
336 57
337 57
338 57
339 57
340 57
341 57
342 58
343 58
344 58
345 58
346 58
347 58
348 58
349 58
350 57
351 58
352 58
353 58
354 58
355 58
356 58
357 58
358 58
359 58
360 58
361 58
362 57
363 57
364 58
365 58
366 58
367 58
368 58
369 58
370 58
371 58
372 58
373 58
374 58
375 58
376 58
377 58
378 58
379 58
380 58
381 58
382 58
383 58
384 58
385 58
386 57
387 58
388 57
389 56
390 55
391 53
392 52
393 52
394 52
395 52
396 51
397 51
398 51
399 50
400 50
401 50
402 50
403 50
404 49
405 49
406 49
407 49
408 47
409 47
410 48
411 48
412 48
413 48
414 48
415 48
416 48
417 48
418 49
419 50
420 51
421 51
422 52
423 53
424 53
425 51
426 51
427 51
428 50
429 50
430 49
431 49
432 48
433 48
434 47
435 47
436 47
437 47
438 47
439 47
440 47
441 47
442 48
443 48
444 47
445 47
446 47
447 47
448 47
449 47
450 47
451 48
452 47
453 47
454 47
455 47
456 47
457 47
458 48
459 48
460 48
461 49
462 50
463 50
464 50
465 50
466 50
467 49
468 50
469 50
470 50
471 49
472 49
473 49
474 50
475 51
476 52
477 53
478 52
479 53
480 54
481 54
482 55
483 55
484 55
485 56
486 56
487 56
488 56
489 57
490 56
491 56
492 57
493 57
494 57
495 57
496 57
497 57
498 57
499 57
500 58
501 58
502 57
503 57
504 57
505 57
506 58
507 58
508 58
509 58
510 58
511 58
512 58
513 58
514 58
515 57
516 57
517 58
518 58
519 58
520 58
521 58
522 58
523 58
524 58
525 58
526 58
527 57
528 58
529 58
530 58
531 58
532 58
533 57
534 57
535 56
536 55
537 53
538 52
539 52
540 52
541 52
542 52
543 52
544 52
545 51
546 51
547 51
548 51
549 52
550 51
551 51
552 51
553 51
554 51
555 51
556 51
557 50
558 50
559 50
560 50
561 51
562 52
563 52
564 53
565 54
566 54
567 54
568 55
569 55
570 56
571 55
572 54
573 53
574 53
575 53
576 52
577 53
578 54
579 54
580 55
581 55
582 55
583 55
584 55
585 55
586 55
587 55
588 54
589 54
590 53
591 53
592 54
593 53
594 54
595 54
596 54
597 54
598 53
599 53
600 52
601 52
602 53
603 53
604 54
605 54
606 54
607 55
608 55
609 55
610 56
611 56
612 56
613 57
614 57
615 57
616 57
617 57
618 57
619 57
620 57
621 57
622 57
623 58
624 58
625 58
626 58
627 58
628 58
629 57
630 57
631 57
632 58
633 58
634 58
635 58
636 58
637 58
638 58
639 58
640 58
641 57
642 57
643 58
644 58
645 58
646 58
647 58
648 58
649 58
650 58
651 58
652 58
653 58
654 58
655 58
656 58
657 58
658 58
659 58
660 58
661 58
662 58
663 58
664 58
665 58
666 57
667 58
668 58
669 58
670 58
671 58
672 58
673 58
674 58
675 58
676 58
677 58
678 57
679 58
680 58
681 58
682 58
683 58
684 58
685 58
686 58
687 58
688 58
689 58
690 57
691 58
692 58
693 58
694 56
695 55
696 54
697 54
698 54
699 55
700 55
701 55
702 55
703 54
704 53
705 53
706 53
707 52
708 52
709 52
710 52
711 51
712 51
713 51
714 51
715 50
716 50
717 50
718 50
719 51
720 52
721 52
722 53
723 53
724 52
725 52
726 52
727 51
728 51
729 50
730 50
731 50
732 50
733 50
734 51
735 51
736 51
737 51
738 50
739 50
740 51
741 52
742 52
743 53
744 53
745 52
746 52
747 52
748 51
749 51
750 52
751 53
752 53
753 54
754 54
755 54
756 54
757 54
758 53
759 53
760 52
761 52
762 52
763 52
764 51
765 51
766 50
767 50
768 51
769 50
770 50
771 50
772 50
773 50
774 50
775 50
776 49
777 49
778 49
779 50
780 49
781 49
782 49
783 49
784 49
785 50
786 49
787 49
788 49
789 49
790 50
791 51
792 52
793 52
794 53
795 54
796 54
797 54
798 54
799 55
800 55
801 55
802 56
803 56
804 56
805 56
806 57
807 57
808 57
809 57
810 57
811 56
812 56
813 56
814 55
815 54
816 54
817 53
818 54
819 54
820 55
821 55
822 55
823 55
824 54
825 53
826 53
827 52
828 52
829 52
830 52
831 52
832 51
833 51
834 52
835 52
836 53
837 53
838 54
839 54
840 55
841 55
842 56
843 56
844 56
845 56
846 56
847 56
848 56
849 57
850 57
851 57
852 55
853 54
854 54
855 53
856 53
857 52
858 52
859 52
860 51
861 51
862 52
863 51
864 51
865 51
866 50
867 50
868 50
869 50
870 50
871 50
872 50
873 51
874 52
875 52
876 53
877 53
878 53
879 54
880 54
881 55
882 55
883 56
884 56
885 56
886 56
887 57
888 57
889 56
890 56
891 57
892 57
893 57
894 57
895 57
896 58
897 58
898 58
899 56
900 56
901 54
902 54
903 54
904 54
905 55
906 55
907 55
908 56
909 56
910 56
911 56
912 57
913 56
914 56
915 57
916 57
917 57
918 57
919 57
920 57
921 58
922 58
923 58
924 58
925 57
926 57
927 58
928 58
929 58
930 58
931 58
932 58
933 58
934 58
935 58
936 58
937 58
938 58
939 58
940 58
941 58
942 58
943 58
944 58
945 58
946 58
947 58
948 58
949 58
950 58
951 58
952 58
953 58
954 58
955 58
956 58
957 58
958 58
959 58
960 58
961 58
962 57
963 58
964 58
965 58
966 58
967 58
968 58
969 58
970 58
971 58
972 58
973 58
974 58
975 58
976 58
977 58
978 58
979 58
980 58
981 58
982 58
983 58
984 58
985 58
986 58
987 58
988 58
989 58
990 58
991 58
992 58
993 58
994 58
995 58
996 58
997 58
998 58
999 58
1000 58
1001 58
1002 58
1003 58
1004 58
1005 58
1006 58
1007 58
1008 58
1009 58
1010 58
1011 58
1012 58
1013 58
1014 58
1015 58
1016 58
1017 58
1018 58
1019 58
1020 58
1021 58
1022 58
1023 58
1024 58
1025 58
1026 58
1027 58
1028 58
1029 58
1030 58
1031 58
1032 58
1033 58
1034 58
1035 57
1036 58
1037 58
1038 58
1039 58
1040 58
1041 58
1042 58
1043 58
1044 58
1045 58
1046 58
1047 58
1048 57
1049 58
1050 58
1051 58
1052 58
1053 58
1054 58
1055 58
1056 58
1057 58
1058 58
1059 58
1060 57
1061 58
1062 58
1063 58
1064 58
1065 58
1066 58
1067 58
1068 58
1069 58
1070 58
1071 58
1072 57
1073 56
1074 56
1075 56
1076 55
1077 54
1078 54
1079 53
1080 54
1081 54
1082 55
1083 54
1084 54
1085 54
1086 53
1087 53
1088 52
1089 53
1090 54
1091 54
1092 54
1093 55
1094 55
1095 55
1096 55
1097 56
1098 56
1099 56
1100 56
1101 57
1102 57
1103 57
1104 57
1105 57
1106 57
1107 57
1108 57
1109 57
1110 57
1111 57
1112 58
1113 58
1114 58
1115 58
1116 58
1117 58
1118 58
1119 57
1120 57
1121 58
1122 58
1123 58
1124 58
1125 58
1126 58
1127 58
1128 58
1129 58
1130 58
1131 57
1132 58
1133 58
1134 58
1135 58
1136 58
1137 58
1138 57
1139 57
1140 56
1141 54
1142 53
1143 52
1144 52
1145 52
1146 50
1147 50
1148 50
1149 50
1150 50
1151 51
1152 50
1153 50
1154 50
1155 50
1156 50
1157 49
1158 49
1159 48
1160 49
1161 48
1162 48
1163 48
1164 48
1165 48
1166 48
1167 48
1168 48
1169 49
1170 50
1171 51
1172 51
1173 52
1174 52
1175 53
1176 54
1177 54
1178 55
1179 55
1180 55
1181 56
1182 56
1183 56
1184 56
1185 56
1186 56
1187 56
1188 55
1189 54
1190 53
1191 53
1192 54
1193 54
1194 55
1195 55
1196 55
1197 55
1198 56
1199 56
1200 56
1201 56
1202 57
1203 57
1204 57
1205 57
1206 57
1207 57
1208 57
1209 57
1210 57
1211 57
1212 57
1213 57
1214 58
1215 58
1216 58
1217 58
1218 58
1219 58
1220 58
1221 57
1222 57
1223 58
1224 58
1225 58
1226 58
1227 58
1228 58
1229 58
1230 58
1231 58
1232 58
1233 57
1234 58
1235 58
1236 58
1237 58
1238 57
1239 56
1240 55
1241 54
1242 54
1243 54
1244 53
1245 52
1246 52
1247 52
1248 52
1249 52
1250 51
1251 51
1252 51
1253 51
1254 50
1255 50
1256 50
1257 49
1258 50
1259 50
1260 51
1261 52
1262 53
1263 53
1264 54
1265 54
1266 54
1267 54
1268 55
1269 55
1270 56
1271 56
1272 56
1273 56
1274 57
1275 57
1276 57
1277 57
1278 57
1279 57
1280 57
1281 57
1282 57
1283 57
1284 58
1285 58
1286 58
1287 58
1288 58
1289 58
1290 57
1291 58
1292 58
1293 58
1294 58
1295 58
1296 58
1297 58
1298 58
1299 58
1300 58
1301 58
1302 57
1303 58
1304 58
1305 58
1306 58
1307 58
1308 58
1309 58
1310 58
1311 58
1312 58
1313 58
1314 58
1315 58
1316 58
1317 58
1318 58
1319 58
1320 58
1321 58
1322 58
1323 58
1324 58
1325 58
1326 58
1327 57
1328 58
1329 58
1330 58
1331 58
1332 58
1333 58
1334 58
1335 58
1336 58
1337 58
1338 58
1339 58
1340 58
1341 58
1342 58
1343 58
1344 58
1345 58
1346 58
1347 58
1348 58
1349 58
1350 58
1351 57
1352 57
1353 58
1354 58
1355 58
1356 58
1357 58
1358 58
1359 58
1360 58
1361 58
1362 58
1363 58
1364 58
1365 58
1366 58
1367 58
1368 58
1369 58
1370 58
1371 58
1372 58
1373 58
1374 58
1375 58
1376 58
1377 58
1378 58
1379 58
1380 58
1381 58
1382 58
1383 58
1384 58
1385 58
1386 58
1387 58
1388 58
1389 58
1390 58
1391 58
1392 58
1393 58
1394 58
1395 58
1396 58
1397 58
1398 58
1399 58
1400 58
1401 58
1402 58
1403 58
1404 58
1405 58
1406 58
1407 58
1408 58
1409 58
1410 57
1411 57
1412 56
1413 56
1414 55
1415 54
1416 54
1417 54
1418 54
1419 54
1420 55
1421 55
1422 56
1423 55
1424 55
1425 56
1426 56
1427 56
1428 56
1429 57
1430 57
1431 57
1432 57
1433 57
1434 57
1435 58
1436 57
1437 57
1438 57
1439 57
1440 58
1441 58
1442 58
1443 58
1444 58
1445 58
1446 58
1447 58
1448 57
1449 56
1450 56
1451 55
1452 54
1453 53
1454 52
1455 52
1456 52
1457 52
1458 51
1459 52
1460 53
1461 53
1462 52
1463 52
1464 51
1465 51
1466 51
1467 51
1468 51
1469 50
1470 50
1471 49
1472 49
1473 49
1474 48
1475 48
1476 48
1477 48
1478 48
1479 48
1480 48
1481 48
1482 48
1483 48
1484 49
1485 48
1486 48
1487 48
1488 49
1489 49
1490 49
1491 48
1492 48
1493 49
1494 50
1495 50
1496 50
1497 49
1498 49
1499 49
1500 49
1501 49
1502 49
1503 49
1504 49
1505 49
1506 50
1507 50
1508 50
1509 49
1510 49
1511 49
1512 49
1513 49
1514 49
1515 49
1516 49
1517 49
1518 49
1519 49
1520 49
1521 49
1522 49
1523 50
1524 50
1525 50
1526 50
1527 50
1528 50
1529 50
1530 49
1531 49
1532 49
1533 49
1534 49
1535 50
1536 51
1537 52
1538 53
1539 53
1540 54
1541 54
1542 54
1543 54
1544 55
1545 55
1546 56
1547 56
1548 56
1549 56
1550 57
1551 57
1552 57
1553 57
1554 57
1555 57
1556 57
1557 57
1558 57
1559 57
1560 57
1561 58
1562 58
1563 58
1564 58
1565 58
1566 57
1567 57
1568 56
1569 55
1570 55
1571 54
1572 54
1573 54
1574 55
1575 55
1576 55
1577 55
1578 55
1579 55
1580 55
1581 55
1582 55
1583 54
1584 53
1585 53
1586 53
1587 53
1588 52
1589 52
1590 51
1591 51
1592 52
1593 53
1594 53
1595 54
1596 54
1597 54
1598 55
1599 55
1600 55
1601 55
1602 55
1603 54
1604 54
1605 53
1606 53
1607 52
1608 52
1609 52
1610 51
1611 51
1612 51
1613 52
1614 52
1615 53
1616 54
1617 54
1618 55
1619 55
1620 55
1621 56
1622 55
1623 55
1624 56
1625 56
1626 56
1627 56
1628 57
1629 57
1630 57
1631 57
1632 57
1633 57
1634 58
1635 57
1636 57
1637 57
1638 57
1639 58
1640 58
1641 58
1642 58
1643 58
1644 58
1645 58
1646 58
1647 57
1648 57
1649 58
1650 58
1651 58
1652 58
1653 58
1654 58
1655 58
1656 58
1657 58
1658 58
1659 58
1660 58
1661 58
1662 58
1663 58
1664 58
1665 58
1666 58
1667 58
1668 58
1669 58
1670 58
1671 58
1672 58
1673 58
1674 58
1675 58
1676 58
1677 58
1678 58
1679 58
1680 58
1681 58
1682 58
1683 58
1684 58
1685 58
1686 58
1687 58
1688 58
1689 58
1690 58
1691 58
1692 58
1693 58
1694 58
1695 58
1696 58
1697 58
1698 58
1699 58
1700 58
1701 58
1702 58
1703 58
1704 58
1705 58
1706 58
1707 58
1708 58
1709 58
1710 58
1711 58
1712 58
1713 58
1714 58
1715 58
1716 58
1717 58
1718 58
1719 58
1720 58
1721 57
1722 58
1723 58
1724 58
1725 58
1726 58
1727 58
1728 58
1729 58
1730 58
1731 58
1732 58
1733 57
1734 57
1735 58
1736 58
1737 58
1738 58
1739 56
1740 56
1741 55
1742 54
1743 54
1744 53
1745 52
1746 51
1747 51
1748 50
1749 50
1750 50
1751 50
1752 49
1753 49
1754 49
1755 49
1756 49
1757 49
1758 49
1759 49
1760 48
1761 48
1762 48
1763 48
1764 48
1765 47
1766 47
1767 48
1768 48
1769 49
1770 49
1771 50
1772 49
1773 49
1774 49
1775 49
1776 49
1777 49
1778 48
1779 48
1780 49
1781 50
1782 50
1783 51
1784 50
1785 50
1786 50
1787 50
1788 51
1789 51
1790 52
1791 53
1792 53
1793 54
1794 54
1795 55
1796 54
1797 55
1798 55
1799 55
1800 55
1801 55
1802 54
1803 54
1804 53
1805 53
1806 53
1807 52
1808 52
1809 51
1810 51
1811 51
1812 52
1813 52
1814 53
1815 54
1816 54
1817 55
1818 55
1819 55
1820 55
1821 54
1822 54
1823 53
1824 53
1825 53
1826 53
1827 54
1828 54
1829 55
1830 54
1831 55
1832 55
1833 55
1834 56
1835 56
1836 56
1837 56
1838 57
1839 57
1840 57
1841 57
1842 57
1843 57
1844 57
1845 57
1846 57
1847 57
1848 57
1849 58
1850 58
1851 58
1852 58
1853 58
1854 57
1855 57
1856 57
1857 57
1858 56
1859 56
1860 55
1861 54
1862 54
1863 54
1864 55
1865 55
1866 55
1867 55
1868 55
1869 55
1870 54
1871 54
1872 53
1873 53
1874 53
1875 53
1876 52
1877 52
1878 52
1879 51
1880 51
1881 52
1882 53
1883 53
1884 54
1885 54
1886 55
1887 55
1888 55
1889 55
1890 56
1891 56
1892 56
1893 56
1894 57
1895 57
1896 57
1897 57
1898 56
1899 55
1900 55
1901 54
1902 53
1903 53
1904 53
1905 52
1906 52
1907 52
1908 52
1909 52
1910 52
1911 53
1912 53
1913 52
1914 52
1915 51
1916 51
1917 51
1918 51
1919 51
1920 51
1921 50
1922 50
1923 51
1924 52
1925 53
1926 53
1927 54
1928 54
1929 55
1930 55
1931 55
1932 56
1933 55
1934 56
1935 56
1936 56
1937 56
1938 57
1939 57
1940 57
1941 57
1942 57
1943 57
1944 57
1945 57
1946 57
1947 57
1948 57
1949 57
1950 58
1951 58
1952 58
1953 58
1954 58
1955 58
1956 58
1957 58
1958 57
1959 58
1960 58
1961 58
1962 58
1963 58
1964 58
1965 58
1966 58
1967 58
1968 58
1969 58
1970 57
1971 58
1972 58
1973 58
1974 58
1975 58
1976 58
1977 58
1978 58
1979 58
1980 58
1981 58
1982 57
1983 58
1984 58
1985 58
1986 58
1987 58
1988 58
1989 58
1990 58
1991 58
1992 58
1993 58
1994 58
1995 58
1996 58
1997 58
1998 58
1999 58
2000 58
2001 58
2002 58
2003 58
2004 58
2005 58
2006 58
2007 58
2008 58
2009 58
2010 58
2011 58
2012 58
2013 58
2014 58
2015 58
2016 58
2017 56
2018 55
2019 54
2020 54
2021 53
2022 54
2023 53
2024 53
2025 52
2026 52
2027 51
2028 50
2029 50
2030 50
2031 49
2032 49
2033 49
2034 49
2035 50
2036 51
2037 50
2038 50
2039 50
2040 49
2041 49
2042 49
2043 49
2044 48
2045 49
2046 49
2047 50
2048 50
2049 50
2050 50
2051 50
2052 50
2053 51
2054 51
2055 52
2056 51
2057 51
2058 50
2059 50
2060 50
2061 49
2062 48
2063 48
2064 48
2065 48
2066 48
2067 48
2068 49
2069 50
2070 50
2071 51
2072 52
2073 51
2074 51
2075 51
2076 51
2077 51
2078 51
2079 52
2080 53
2081 53
2082 53
2083 53
2084 52
2085 52
2086 52
2087 51
2088 52
2089 53
2090 53
2091 54
2092 54
2093 54
2094 55
2095 55
2096 55
2097 56
2098 56
2099 56
2100 56
2101 57
2102 57
2103 57
2104 56
2105 57
2106 57
2107 57
2108 57
2109 57
2110 58
2111 58
2112 58
2113 58
2114 58
2115 58
2116 57
2117 57
2118 57
2119 56
2120 56
2121 55
2122 54
2123 54
2124 53
2125 53
2126 53
2127 52
2128 51
2129 51
2130 52
2131 51
2132 51
2133 51
2134 51
2135 51
2136 52
2137 52
2138 52
2139 52
2140 52
2141 51
2142 51
2143 51
2144 52
2145 53
2146 53
2147 54
2148 54
2149 54
2150 54
2151 55
2152 55
2153 56
2154 56
2155 56
2156 56
2157 57
2158 57
2159 57
2160 57
2161 57
2162 57
2163 57
2164 57
2165 57
2166 57
2167 57
2168 58
2169 58
2170 58
2171 58
2172 58
2173 58
2174 57
2175 57
2176 58
2177 58
2178 58
2179 58
2180 58
2181 58
2182 58
2183 58
2184 58
2185 58
2186 57
2187 58
2188 58
2189 58
2190 58
2191 58
2192 58
2193 58
2194 58
2195 58
2196 58
2197 58
2198 57
2199 58
2200 58
2201 58
2202 58
2203 58
2204 58
2205 58
2206 58
2207 58
2208 58
2209 58
2210 58
2211 58
2212 58
2213 58
2214 58
2215 58
2216 58
2217 58
2218 58
2219 58
2220 58
2221 58
2222 58
2223 58
2224 58
2225 58
2226 58
2227 58
2228 58
2229 57
2230 57
2231 57
2232 57
2233 57
2234 58
2235 57
2236 57
2237 56
2238 56
2239 55
2240 54
2241 54
2242 54
2243 54
2244 53
2245 52
2246 52
2247 52
2248 52
2249 51
2250 51
2251 51
2252 51
2253 51
2254 51
2255 52
2256 52
2257 53
2258 52
2259 52
2260 52
2261 51
2262 51
2263 52
2264 53
2265 53
2266 54
2267 54
2268 54
2269 54
2270 55
2271 55
2272 56
2273 56
2274 56
2275 56
2276 57
2277 57
2278 57
2279 57
2280 57
2281 57
2282 57
2283 57
2284 57
2285 57
2286 58
2287 58
2288 58
2289 57
2290 57
2291 56
2292 55
2293 54
2294 54
2295 53
2296 53
2297 52
2298 51
2299 51
2300 51
2301 50
2302 48
2303 48
2304 48
2305 48
2306 49
2307 49
2308 49
2309 49
2310 49
2311 48
2312 48
2313 48
2314 48
2315 48
2316 48
2317 48
2318 47
2319 47
2320 48
2321 47
2322 47
2323 48
2324 48
2325 48
2326 47
2327 47
2328 48
2329 49
2330 50
2331 51
2332 51
2333 51
2334 52
2335 52
2336 52
2337 52
2338 52
2339 51
2340 51
2341 51
2342 51
2343 51
2344 51
2345 50
2346 50
2347 51
2348 52
2349 53
2350 53
2351 54
2352 54
2353 55
2354 55
2355 55
2356 55
2357 55
2358 56
2359 56
2360 56
2361 57
2362 57
2363 57
2364 57
2365 57
2366 57
2367 57
2368 57
2369 57
2370 57
2371 57
2372 58
2373 58
2374 58
2375 58
2376 58
2377 58
2378 58
2379 57
2380 57
2381 58
2382 58
2383 58
2384 58
2385 58
2386 58
2387 58
2388 58
2389 57
2390 57
2391 56
2392 55
2393 55
2394 54
2395 54
2396 54
2397 55
2398 55
2399 55
2400 56
2401 56
2402 56
2403 56
2404 56
2405 56
2406 57
2407 57
2408 57
2409 57
2410 57
2411 57
2412 58
2413 58
2414 57
2415 57
2416 57
2417 57
2418 58
2419 58
2420 58
2421 58
2422 58
2423 58
2424 58
2425 58
2426 58
2427 57
2428 58
2429 58
2430 58
2431 58
2432 58
2433 58
2434 58
2435 58
2436 58
2437 58
2438 58
2439 58
2440 58
2441 58
2442 58
2443 58
2444 58
2445 58
2446 58
2447 58
2448 58
2449 58
2450 58
2451 58
2452 58
2453 58
2454 58
2455 58
2456 58
2457 58
2458 58
2459 58
2460 58
2461 58
2462 58
2463 58
2464 58
2465 58
2466 58
2467 58
2468 58
2469 58
2470 58
2471 58
2472 58
2473 58
2474 58
2475 58
2476 57
2477 58
2478 58
2479 58
2480 58
2481 58
2482 58
2483 58
2484 58
2485 58
2486 58
2487 58
2488 58
2489 58
2490 58
2491 58
2492 58
2493 58
2494 58
2495 58
2496 58
2497 58
2498 58
2499 58
2500 58
2501 58
2502 58
2503 58
2504 58
2505 58
2506 58
2507 58
2508 58
2509 58
2510 58
2511 58
2512 58
2513 57
2514 58
2515 58
2516 58
2517 58
2518 58
2519 58
2520 58
2521 58
2522 58
2523 58
2524 58
2525 57
2526 57
2527 58
2528 58
2529 58
2530 58
2531 58
2532 58
2533 58
2534 58
2535 58
2536 58
2537 57
2538 58
2539 58
2540 58
2541 58
2542 58
2543 58
2544 58
2545 58
2546 58
2547 58
2548 58
2549 58
2550 58
2551 58
2552 58
2553 58
2554 58
2555 58
2556 58
2557 58
2558 58
2559 58
2560 58
2561 58
2562 57
2563 57
2564 56
2565 56
2566 56
2567 55
2568 53
2569 52
2570 52
2571 51
2572 51
2573 52
2574 52
2575 53
2576 53
2577 52
2578 52
2579 51
2580 51
2581 51
2582 50
2583 49
2584 49
2585 49
2586 49
2587 49
2588 49
2589 48
2590 49
2591 49
2592 48
2593 48
2594 48
2595 47
2596 47
2597 47
2598 47
2599 48
2600 48
2601 48
2602 47
2603 47
2604 47
2605 47
2606 49
2607 50
2608 51
2609 51
2610 52
2611 53
2612 53
2613 53
2614 53
2615 53
2616 53
2617 52
2618 52
2619 52
2620 52
2621 53
2622 54
2623 54
2624 54
2625 54
2626 55
2627 55
2628 55
2629 56
2630 56
2631 56
2632 56
2633 57
2634 57
2635 57
2636 57
2637 57
2638 57
2639 57
2640 57
2641 57
2642 57
2643 58
2644 58
2645 58
2646 58
2647 58
2648 58
2649 57
2650 58
2651 58
2652 58
2653 58
2654 58
2655 58
2656 58
2657 58
2658 58
2659 58
2660 58
2661 58
2662 58
2663 58
2664 58
2665 58
2666 58
2667 58
2668 58
2669 58
2670 58
2671 58
2672 58
2673 58
2674 58
2675 58
2676 58
2677 58
2678 58
2679 58
2680 58
2681 58
2682 58
2683 58
2684 58
2685 58
2686 58
2687 58
2688 58
2689 58
2690 58
2691 58
2692 58
2693 58
2694 58
2695 58
2696 58
2697 58
2698 58
2699 58
2700 58
2701 58
2702 58
2703 58
2704 58
2705 58
2706 58
2707 58
2708 58
2709 58
2710 58
2711 57
2712 58
2713 58
2714 58
2715 58
2716 58
2717 58
2718 58
2719 58
2720 58
2721 58
2722 58
2723 57
2724 58
2725 58
2726 58
2727 58
2728 58
2729 57
2730 57
2731 57
2732 57
2733 57
2734 57
2735 57
2736 57
2737 57
2738 58
2739 58
2740 58
2741 58
2742 58
2743 58
2744 58
2745 58
2746 58
2747 58
2748 58
2749 58
2750 58
2751 58
2752 58
2753 58
2754 58
2755 58
2756 58
2757 58
2758 58
2759 57
2760 57
2761 57
2762 56
2763 55
2764 54
2765 54
2766 54
2767 53
2768 53
2769 52
2770 52
2771 52
2772 52
2773 53
2774 54
2775 54
2776 55
2777 55
2778 55
2779 56
2780 56
2781 56
2782 56
2783 56
2784 56
2785 57
2786 57
2787 57
2788 57
2789 57
2790 57
2791 58
2792 58
2793 58
