0 51
1 47
2 46
3 44
4 44
5 43
6 42
7 41
8 41
9 40
10 39
11 38
12 37
13 37
14 37
15 37
16 37
17 37
18 37
19 37
20 37
21 37
22 37
23 36
24 37
25 37
26 37
27 36
28 36
29 37
30 37
31 37
32 37
33 37
34 38
35 37
36 36
37 36
38 37
39 37
40 37
41 37
42 37
43 37
44 38
45 37
46 37
47 37
48 37
49 37
50 37
51 38
52 38
53 38
54 37
55 37
56 37
57 37
58 37
59 37
60 37
61 37
62 37
63 37
64 37
65 37
66 37
67 37
68 36
69 35
70 34
71 34
72 34
73 35
74 35
75 35
76 36
77 36
78 36
79 36
80 36
81 36
82 37
83 37
84 37
85 37
86 37
87 37
88 37
89 37
90 37
91 35
92 34
93 32
94 33
95 34
96 34
97 35
98 35
99 35
100 36
101 36
102 37
103 37
104 37
105 37
106 37
107 37
108 37
109 36
110 35
111 34
112 35
113 35
114 36
115 36
116 36
117 36
118 36
119 35
120 35
121 36
122 36
123 36
124 36
125 36
126 37
127 37
128 38
129 38
130 37
131 38
132 37
133 37
134 37
135 38
136 38
137 38
138 38
139 38
140 38
141 38
142 38
143 37
144 37
145 38
146 38
147 38
148 38
149 37
150 37
151 38
152 38
153 37
154 38
155 38
156 38
157 38
158 38
159 38
160 38
161 37
162 37
163 37
164 37
165 37
166 37
167 38
168 38
169 37
170 38
171 38
172 38
173 38
174 39
175 38
176 39
177 38
178 38
179 38
180 38
181 38
182 39
183 39
184 39
185 39
186 39
187 39
188 39
189 39
190 39
191 39
192 39
193 39
194 40
195 40
196 39
197 39
198 40
199 40
200 40
201 40
202 39
203 39
204 39
205 39
206 39
207 39
208 39
209 39
210 39
211 39
212 39
213 39
214 38
215 38
216 38
217 39
218 39
219 39
220 38
221 38
222 38
223 38
224 39
225 39
226 36
227 35
228 35
229 35
230 36
231 36
232 36
233 36
234 36
235 36
236 37
237 36
238 36
239 37
240 37
241 37
242 38
243 38
244 38
245 38
246 37
247 38
248 38
249 38
250 38
251 37
252 36
253 34
254 33
255 31
256 30
257 29
258 28
259 27
260 28
261 29
262 30
263 31
264 32
265 33
266 33
267 34
268 34
269 34
270 35
271 35
272 36
273 36
274 37
275 37
276 37
277 37
278 37
279 38
280 38
281 38
282 38
283 38
284 38
285 38
286 38
287 39
288 39
289 39
290 39
291 39
292 39
293 39
294 39
295 39
296 39
297 39
298 39
299 39
300 39
301 39
302 39
303 39
304 39
305 39
306 39
307 39
308 39
309 39
310 39
311 39
312 39
313 39
314 39
315 39
316 39
317 39
318 39
319 39
320 39
321 39
322 39
323 39
324 39
325 39
326 39
327 39
328 39
329 39
330 39
331 39
332 39
333 39
334 39
335 39
336 39
337 39
338 39
339 39
340 39
341 39
342 39
343 39
344 39
345 39
346 39
347 39
348 39
349 39
350 39
351 39
352 39
353 39
354 39
355 39
356 39
357 39
358 39
359 39
360 39
361 39
362 39
363 39
364 39
365 39
366 39
367 39
368 39
369 39
370 39
371 39
372 39
373 39
374 40
375 39
376 39
377 39
378 39
379 39
380 39
381 40
382 40
383 40
384 39
385 39
386 39
387 39
388 39
389 39
390 40
391 40
392 39
393 39
394 39
395 39
396 39
397 39
398 40
399 40
400 40
401 39
402 39
403 39
404 40
405 40
406 40
407 40
408 40
409 39
410 39
411 39
412 39
413 38
414 38
415 38
416 38
417 38
418 38
419 38
420 38
421 38
422 38
423 38
424 38
425 38
426 38
427 38
428 38
429 38
430 38
431 39
432 39
433 38
434 39
435 39
436 39
437 39
438 39
439 39
440 39
441 39
442 39
443 39
444 39
445 38
446 38
447 37
448 38
449 37
450 38
451 37
452 37
453 38
454 38
455 38
456 38
457 37
458 37
459 37
460 37
461 38
462 38
463 38
464 38
465 38
466 38
467 38
468 38
469 38
470 38
471 38
472 38
473 37
474 38
475 38
476 38
477 38
478 38
479 38
480 38
481 38
482 38
483 38
484 38
485 38
486 38
487 39
488 39
489 38
490 38
491 39
492 39
493 39
494 39
495 39
496 39
497 39
498 39
499 39
500 39
501 39
502 39
503 39
504 39
505 39
506 39
507 39
508 39
509 39
510 39
511 39
512 39
513 39
514 39
515 39
516 39
517 39
518 39
519 39
520 39
521 40
522 39
523 39
524 39
525 39
526 40
527 40
528 40
529 40
530 40
531 39
532 39
533 39
534 40
535 40
536 40
537 40
538 40
539 39
540 39
541 39
542 39
543 40
544 40
545 39
546 40
547 39
548 39
549 39
550 39
551 40
552 40
553 40
554 40
555 40
556 39
557 39
558 40
559 40
560 40
561 40
562 40
563 40
564 40
565 40
566 40
567 40
568 40
569 40
570 40
571 40
572 40
573 40
574 40
575 40
576 40
577 40
578 40
579 40
580 40
581 40
582 40
583 40
584 40
585 40
586 39
587 39
588 39
589 39
590 39
591 39
592 39
593 39
594 39
595 38
596 38
597 38
598 38
599 38
600 39
601 39
602 39
603 38
604 38
605 38
606 38
607 38
608 39
609 39
610 39
611 39
612 39
613 39
614 39
615 39
616 39
617 39
618 39
619 39
620 39
621 40
622 39
623 39
624 39
625 40
626 40
627 40
628 40
629 40
630 40
631 39
632 40
633 40
634 40
635 40
636 40
637 40
638 40
639 40
640 40
641 40
642 40
643 40
644 40
645 40
646 40
647 40
648 40
649 40
650 40
651 40
652 40
653 40
654 40
655 40
656 40
657 40
658 40
659 40
660 40
661 40
662 40
663 40
664 40
665 39
666 39
667 39
668 39
669 40
670 40
671 40
672 40
673 39
674 40
675 40
676 40
677 40
678 40
679 40
680 40
681 40
682 40
683 40
684 40
685 40
686 40
687 40
688 40
689 40
690 40
691 40
692 40
693 40
694 40
695 40
696 40
697 40
698 40
699 40
700 40
701 40
702 40
703 40
704 40
705 38
706 36
707 34
708 33
709 32
710 30
711 29
712 28
713 28
714 27
715 26
716 25
717 26
718 27
719 28
720 30
721 31
722 32
723 33
724 33
725 34
726 35
727 35
728 35
729 36
730 36
731 37
732 37
733 37
734 38
735 38
736 38
737 38
738 39
739 39
740 39
741 39
742 39
743 39
744 39
745 39
746 39
747 39
748 39
749 39
750 40
751 40
752 40
753 40
754 40
755 40
756 40
757 40
758 40
759 40
760 40
761 40
762 40
763 40
764 40
765 40
766 40
767 40
768 40
769 40
770 40
771 40
772 40
773 40
774 40
775 40
776 40
777 40
778 40
779 40
780 40
781 40
782 40
783 40
784 40
785 40
786 40
787 40
788 40
789 40
790 40
791 40
792 40
793 40
794 40
795 40
796 40
797 40
798 40
799 40
800 40
801 40
802 40
803 40
804 40
805 40
806 40
807 40
808 40
809 40
810 40
811 40
812 40
813 40
814 40
815 40
816 40
817 40
818 40
819 40
820 40
821 40
822 40
823 40
824 40
825 40
826 40
827 40
828 40
829 40
830 40
831 40
832 40
833 40
834 40
835 40
836 40
837 40
838 40
839 40
840 40
841 40
842 40
843 40
844 40
845 40
846 40
847 40
848 40
849 40
850 40
851 40
852 40
853 40
854 40
855 40
856 40
857 40
858 40
859 40
860 40
861 40
862 40
863 40
864 40
865 40
866 40
867 40
868 40
869 40
870 40
871 40
872 40
873 40
874 40
875 40
876 40
877 40
878 40
879 40
880 40
881 40
882 40
883 40
884 40
885 40
886 40
887 40
888 40
889 40
890 40
891 40
892 40
893 40
894 40
895 40
896 40
897 40
898 39
899 39
900 39
901 39
902 39
903 39
904 39
905 40
906 39
907 39
908 40
909 40
910 40
911 40
912 40
913 39
914 39
915 39
916 38
917 38
918 39
919 39
920 39
921 39
922 39
923 39
924 39
925 39
926 38
927 38
928 39
929 39
930 39
931 39
932 39
933 39
934 39
935 39
936 39
937 39
938 40
939 39
940 39
941 40
942 39
943 39
944 39
945 39
946 39
947 39
948 39
949 39
950 39
951 40
952 40
953 40
954 40
955 40
956 40
957 40
958 40
959 40
960 40
961 40
962 40
963 40
964 40
965 40
966 40
967 40
968 40
969 40
970 40
971 40
972 40
973 40
974 40
975 40
976 40
977 40
978 40
979 40
980 40
981 40
982 40
983 40
984 40
985 40
986 40
987 40
988 40
989 40
990 40
991 40
992 40
993 40
994 40
995 40
996 40
997 40
998 40
999 40
1000 40
1001 40
1002 40
1003 40
1004 40
1005 40
1006 40
1007 40
1008 40
1009 40
1010 40
1011 40
1012 40
1013 40
1014 40
1015 40
1016 40
1017 40
1018 40
1019 40
1020 40
1021 40
1022 40
1023 40
1024 40
1025 40
1026 40
1027 40
1028 40
1029 40
1030 40
1031 40
1032 40
1033 40
1034 40
1035 40
1036 40
1037 40
1038 40
1039 40
1040 40
1041 40
1042 40
1043 40
1044 40
1045 40
1046 40
1047 40
1048 40
1049 40
1050 40
1051 40
1052 40
1053 40
1054 40
1055 40
1056 40
1057 40
1058 40
1059 40
1060 40
1061 40
1062 40
1063 40
1064 40
1065 40
1066 39
1067 40
1068 40
1069 40
1070 40
1071 40
1072 40
1073 40
1074 40
1075 40
1076 40
1077 40
1078 40
1079 40
1080 40
1081 40
1082 40
1083 40
1084 40
1085 40
1086 40
1087 40
1088 40
1089 40
1090 40
1091 40
1092 40
1093 40
1094 40
1095 40
1096 40
1097 40
1098 40
1099 40
1100 40
1101 40
1102 40
1103 40
1104 40
1105 40
1106 40
1107 40
1108 40
1109 40
1110 40
1111 40
1112 40
1113 40
1114 40
1115 39
1116 39
1117 39
1118 39
1119 39
1120 39
1121 39
1122 40
1123 39
1124 39
1125 39
1126 39
1127 38
1128 38
1129 39
1130 39
1131 39
1132 39
1133 39
1134 39
1135 39
1136 39
1137 39
1138 39
1139 39
1140 39
1141 39
1142 39
1143 39
1144 39
1145 39
1146 39
1147 40
1148 40
1149 40
1150 39
1151 40
1152 40
1153 40
1154 40
1155 40
1156 40
1157 40
1158 40
1159 40
1160 40
1161 40
1162 40
1163 40
1164 40
1165 40
1166 40
1167 40
1168 40
1169 40
1170 40
1171 40
1172 40
1173 40
1174 40
1175 40
1176 40
1177 40
1178 40
1179 40
1180 40
1181 40
1182 40
1183 40
1184 40
1185 39
1186 39
1187 40
1188 40
1189 40
1190 40
1191 40
1192 40
1193 40
1194 40
1195 40
1196 40
1197 40
1198 38
1199 36
1200 34
1201 33
1202 32
1203 30
1204 29
1205 29
1206 28
1207 27
1208 26
1209 26
1210 26
1211 25
1212 26
1213 28
1214 29
1215 30
1216 31
1217 32
1218 33
1219 34
1220 34
1221 35
1222 35
1223 36
1224 36
1225 37
1226 37
1227 37
1228 38
1229 38
1230 38
1231 38
1232 38
1233 38
1234 39
1235 39
1236 39
1237 39
1238 39
1239 39
1240 39
1241 39
1242 39
1243 39
1244 39
1245 40
1246 39
1247 39
1248 40
1249 40
1250 40
1251 40
1252 40
1253 40
1254 40
1255 40
1256 40
1257 40
1258 40
1259 40
1260 40
1261 40
1262 40
1263 40
1264 40
1265 40
1266 40
1267 40
1268 40
1269 40
1270 40
1271 40
1272 40
1273 40
1274 40
1275 40
1276 40
1277 40
1278 40
1279 40
1280 40
1281 40
1282 40
1283 40
1284 40
1285 40
1286 40
1287 40
1288 40
1289 40
1290 40
1291 40
1292 40
1293 40
1294 40
1295 40
1296 40
1297 40
1298 40
1299 40
1300 40
1301 40
1302 39
1303 39
1304 39
1305 39
1306 39
1307 39
1308 39
1309 39
1310 39
1311 39
1312 39
1313 39
1314 38
1315 38
1316 39
1317 39
1318 39
1319 39
1320 39
1321 39
1322 39
1323 39
1324 39
1325 39
1326 38
1327 38
1328 39
1329 39
1330 39
1331 39
1332 39
1333 39
1334 39
1335 39
1336 39
1337 39
1338 39
1339 39
1340 39
1341 39
1342 39
1343 40
1344 40
1345 40
1346 40
1347 40
1348 40
1349 40
1350 40
1351 40
1352 40
1353 40
1354 40
1355 40
1356 40
1357 40
1358 40
1359 40
1360 40
1361 40
1362 40
1363 40
1364 40
1365 40
1366 40
1367 40
1368 40
1369 40
1370 40
1371 40
1372 40
1373 40
1374 40
1375 40
1376 40
1377 40
1378 40
1379 40
1380 40
1381 40
1382 40
1383 40
1384 40
1385 40
1386 40
1387 40
1388 40
1389 39
1390 39
1391 39
1392 39
1393 39
1394 40
1395 40
1396 40
1397 39
1398 39
1399 40
1400 40
1401 40
1402 40
1403 40
1404 40
1405 40
1406 40
1407 40
1408 40
1409 40
1410 40
1411 40
1412 40
1413 40
1414 39
1415 39
1416 40
1417 40
1418 40
1419 40
1420 40
1421 40
1422 40
1423 40
1424 40
1425 40
1426 40
1427 40
1428 40
1429 40
1430 40
1431 40
1432 40
1433 40
1434 40
1435 40
1436 40
1437 40
1438 40
1439 40
1440 40
1441 40
1442 40
1443 40
1444 40
1445 40
1446 40
1447 40
1448 40
1449 40
1450 40
1451 40
1452 40
1453 40
1454 40
1455 40
1456 40
1457 40
1458 40
1459 40
1460 40
1461 40
1462 40
1463 40
1464 40
1465 40
1466 40
1467 40
1468 40
1469 40
1470 40
1471 40
1472 40
1473 40
1474 40
1475 40
1476 40
1477 40
1478 40
1479 40
1480 40
1481 40
1482 40
1483 40
1484 40
1485 40
1486 40
1487 40
1488 40
1489 40
1490 40
1491 40
1492 40
1493 40
1494 40
1495 40
1496 40
1497 40
1498 40
1499 40
1500 40
1501 40
1502 38
1503 38
1504 39
1505 39
1506 39
1507 39
1508 39
1509 39
1510 39
1511 39
1512 40
1513 40
1514 40
1515 40
1516 40
1517 40
1518 39
1519 40
1520 40
1521 40
1522 40
1523 40
1524 40
1525 40
1526 40
1527 40
1528 40
1529 40
1530 40
1531 40
1532 40
1533 38
1534 39
1535 39
1536 39
1537 39
1538 39
1539 39
1540 39
1541 39
1542 39
1543 39
1544 40
1545 40
1546 40
1547 40
1548 40
1549 40
1550 40
1551 40
1552 40
1553 40
1554 40
1555 40
1556 40
1557 40
1558 40
1559 40
1560 40
1561 40
1562 40
1563 40
1564 40
1565 40
1566 40
1567 40
1568 40
1569 40
1570 40
1571 40
1572 40
1573 40
1574 40
1575 40
1576 40
1577 40
1578 40
1579 40
1580 40
1581 40
1582 40
1583 40
1584 40
1585 40
1586 40
1587 40
1588 40
1589 40
1590 40
1591 40
1592 40
1593 40
1594 40
1595 40
1596 40
1597 40
1598 40
1599 40
1600 40
1601 40
1602 40
1603 40
1604 40
1605 40
1606 40
1607 40
1608 40
1609 40
1610 40
1611 40
1612 40
1613 40
1614 40
1615 40
1616 40
1617 40
1618 40
1619 40
1620 40
1621 40
1622 40
1623 40
1624 40
1625 40
1626 40
1627 40
1628 40
1629 40
1630 40
1631 40
1632 40
1633 40
1634 40
1635 40
1636 40
1637 40
1638 40
1639 40
1640 40
1641 40
1642 40
1643 40
1644 40
1645 40
1646 40
1647 40
1648 40
1649 40
1650 40
1651 40
1652 40
1653 40
1654 40
1655 40
1656 40
1657 40
1658 40
1659 39
1660 40
1661 40
1662 40
1663 40
1664 40
1665 40
1666 40
1667 40
1668 40
1669 40
1670 40
1671 40
1672 40
1673 40
1674 40
1675 40
1676 40
1677 40
1678 40
1679 40
1680 40
1681 40
1682 40
1683 40
1684 40
1685 40
1686 40
1687 40
1688 40
1689 38
1690 36
1691 34
1692 33
1693 32
1694 31
1695 29
1696 28
1697 27
1698 26
1699 26
1700 26
1701 25
1702 24
1703 26
1704 27
1705 28
1706 29
1707 30
1708 31
1709 32
1710 33
1711 33
1712 33
1713 34
1714 35
1715 35
1716 35
1717 36
1718 36
1719 37
1720 37
1721 37
1722 37
1723 38
1724 38
1725 38
1726 38
1727 38
1728 38
1729 38
1730 38
1731 39
1732 39
1733 39
1734 39
1735 39
1736 39
1737 39
1738 39
1739 39
1740 39
1741 40
1742 40
1743 40
1744 40
1745 40
1746 40
1747 40
1748 40
1749 40
1750 40
1751 40
1752 40
1753 40
1754 40
1755 40
1756 40
1757 40
1758 40
1759 40
1760 40
1761 39
1762 39
1763 39
1764 39
1765 39
1766 40
1767 40
1768 40
1769 40
1770 40
1771 40
1772 40
1773 40
1774 40
1775 40
1776 40
1777 40
1778 40
1779 40
1780 40
1781 40
1782 40
1783 40
1784 40
1785 40
1786 40
1787 40
1788 40
1789 40
1790 40
1791 40
1792 40
1793 40
1794 40
1795 40
1796 40
1797 40
1798 40
1799 40
1800 40
1801 40
1802 40
1803 40
1804 40
1805 40
1806 40
1807 40
1808 40
1809 40
1810 40
1811 40
1812 40
1813 40
1814 40
1815 40
1816 40
1817 40
1818 40
1819 40
1820 40
1821 40
1822 40
1823 40
1824 40
1825 40
1826 40
1827 40
1828 40
1829 40
1830 39
1831 40
1832 40
1833 40
1834 40
1835 40
1836 40
1837 40
1838 40
1839 40
1840 40
1841 40
1842 40
1843 40
1844 40
1845 40
1846 40
1847 40
1848 40
1849 40
1850 40
1851 40
1852 40
1853 40
1854 40
1855 40
1856 40
1857 40
1858 40
1859 40
1860 40
1861 40
1862 40
1863 40
1864 40
1865 40
1866 40
1867 40
1868 40
1869 40
1870 40
1871 40
1872 40
1873 40
1874 40
1875 40
1876 40
1877 40
1878 40
1879 40
1880 39
1881 39
1882 38
1883 39
1884 39
1885 39
1886 39
1887 39
1888 39
1889 39
1890 39
1891 38
1892 38
1893 39
1894 39
1895 39
1896 39
1897 39
1898 39
1899 38
1900 39
1901 39
1902 39
1903 38
1904 38
1905 38
1906 38
1907 39
1908 39
1909 39
1910 38
1911 39
1912 39
1913 39
1914 39
1915 39
1916 38
1917 38
1918 39
1919 38
1920 38
1921 38
1922 39
1923 39
1924 39
1925 39
1926 39
1927 39
1928 39
1929 40
1930 39
1931 39
1932 40
1933 40
1934 40
1935 40
1936 40
1937 40
1938 40
1939 40
1940 40
1941 40
1942 40
1943 40
1944 40
1945 40
1946 40
1947 40
1948 40
1949 40
1950 40
1951 40
1952 40
1953 40
1954 40
1955 40
1956 40
1957 40
1958 40
1959 40
1960 40
1961 40
1962 40
1963 40
1964 40
1965 40
1966 40
1967 40
1968 40
1969 40
1970 40
1971 40
1972 40
1973 40
1974 40
1975 40
1976 40
1977 40
1978 40
1979 40
1980 40
1981 40
1982 40
1983 40
1984 40
1985 40
1986 40
1987 40
1988 40
1989 40
1990 40
1991 40
1992 40
1993 40
1994 40
1995 40
1996 40
1997 40
1998 40
1999 40
2000 40
2001 40
2002 40
2003 40
2004 40
2005 40
2006 39
2007 40
2008 40
2009 40
2010 40
2011 40
2012 40
2013 40
2014 40
2015 40
2016 40
2017 40
2018 40
2019 40
2020 40
2021 40
2022 40
2023 40
2024 40
2025 40
2026 40
2027 40
2028 40
2029 40
2030 40
2031 40
2032 40
2033 40
2034 40
2035 40
2036 40
2037 40
2038 40
2039 40
2040 40
2041 40
2042 40
2043 40
2044 40
2045 40
2046 40
2047 40
2048 40
2049 40
2050 40
2051 40
2052 40
2053 40
2054 40
2055 40
2056 40
2057 40
2058 40
2059 40
2060 40
2061 40
2062 40
2063 40
2064 40
2065 40
2066 40
2067 40
2068 40
2069 40
2070 40
2071 40
2072 40
2073 40
2074 40
2075 40
2076 40
2077 40
2078 40
2079 40
2080 40
2081 40
2082 40
2083 40
2084 40
2085 40
2086 40
2087 40
2088 40
2089 40
2090 40
2091 40
2092 39
2093 39
2094 39
2095 39
2096 39
2097 39
2098 40
2099 39
2100 39
2101 38
2102 39
2103 39
2104 39
2105 39
2106 39
2107 39
2108 39
2109 39
2110 39
2111 39
2112 39
2113 39
2114 39
2115 39
2116 39
2117 38
2118 38
2119 38
2120 39
2121 39
2122 39
2123 39
2124 39
2125 39
2126 39
2127 39
2128 39
2129 39
2130 39
2131 40
2132 39
2133 39
2134 40
2135 40
2136 40
2137 40
2138 40
2139 40
2140 40
2141 40
2142 40
2143 40
2144 40
2145 40
2146 40
2147 40
2148 40
2149 40
2150 40
2151 40
2152 40
2153 40
2154 40
2155 40
2156 40
2157 40
2158 40
2159 40
2160 40
2161 40
2162 40
2163 40
2164 40
2165 40
2166 40
2167 40
2168 40
2169 40
2170 40
2171 40
