0 57
1 52
2 49
3 47
4 46
5 44
6 43
7 42
8 42
9 41
10 41
11 41
12 40
13 40
14 38
15 36
16 35
17 35
18 34
19 34
20 34
21 34
22 34
23 34
24 34
25 33
26 33
27 34
28 34
29 34
30 33
31 33
32 33
33 33
34 32
35 32
36 33
37 32
38 32
39 32
40 32
41 32
42 32
43 32
44 32
45 32
46 32
47 33
48 33
49 33
50 34
51 34
52 34
53 34
54 34
55 34
56 33
57 32
58 32
59 33
60 33
61 33
62 33
63 33
64 33
65 33
66 33
67 33
68 34
69 34
70 34
71 34
72 34
73 34
74 34
75 34
76 35
77 35
78 34
79 34
80 34
81 33
82 33
83 33
84 33
85 33
86 32
87 32
88 32
89 32
90 32
91 32
92 32
93 32
94 32
95 32
96 31
97 32
98 31
99 32
100 31
101 32
102 32
103 32
104 32
105 32
106 32
107 32
108 32
109 32
110 33
111 33
112 33
113 33
114 33
115 33
116 34
117 34
118 34
119 34
120 33
121 34
122 33
123 33
124 33
125 33
126 33
127 33
128 33
129 33
130 33
131 33
132 33
133 33
134 33
135 33
136 33
137 33
138 33
139 32
140 32
141 32
142 32
143 32
144 32
145 32
146 33
147 33
148 34
149 34
150 34
151 34
152 34
153 35
154 35
155 35
156 35
157 35
158 36
159 36
160 36
161 36
162 36
163 36
164 36
165 36
166 37
167 36
168 36
169 36
170 36
171 36
172 35
173 35
174 35
175 35
176 35
177 35
178 35
179 35
180 33
181 33
182 34
183 32
184 33
185 34
186 33
187 34
188 33
189 33
190 34
191 34
192 34
193 34
194 34
195 34
196 34
197 34
198 34
199 35
200 35
201 35
202 35
203 35
204 36
205 36
206 36
207 36
208 36
209 36
210 36
211 36
212 36
213 36
214 36
215 36
216 35
217 36
218 36
219 36
220 36
221 36
222 36
223 37
224 37
225 37
226 35
227 35
228 36
229 36
230 36
231 36
232 37
233 37
234 37
235 37
236 38
237 38
238 38
239 37
240 38
241 38
242 38
243 38
244 39
245 39
246 39
247 39
248 39
249 39
250 39
251 39
252 39
253 38
254 38
255 38
256 38
257 38
258 38
259 38
260 38
261 38
262 38
263 38
264 38
265 38
266 38
267 38
268 38
269 38
270 38
271 38
272 38
273 38
274 38
275 38
276 38
277 38
278 38
279 38
280 38
281 38
282 38
283 38
284 39
285 39
286 39
287 39
288 39
289 39
290 39
291 40
292 40
293 40
294 40
295 40
296 40
297 39
298 40
299 39
300 39
301 39
302 39
303 39
304 39
305 39
306 39
307 40
308 40
309 40
310 40
311 40
312 40
313 41
314 40
315 40
316 40
317 40
318 38
319 35
320 34
321 32
322 32
323 30
324 29
325 28
326 27
327 27
328 29
329 29
330 30
331 31
332 30
333 31
334 32
335 33
336 33
337 33
338 34
339 34
340 34
341 35
342 34
343 35
344 35
345 35
346 35
347 36
348 36
349 36
350 36
351 36
352 36
353 36
354 37
355 37
356 37
357 37
358 37
359 37
360 37
361 37
362 37
363 37
364 37
365 37
366 37
367 37
368 37
369 37
370 37
371 37
372 37
373 37
374 38
375 38
376 37
377 37
378 38
379 38
380 38
381 39
382 39
383 39
384 39
385 39
386 39
387 39
388 40
389 40
390 40
391 40
392 40
393 39
394 39
395 39
396 39
397 39
398 39
399 39
400 39
401 38
402 38
403 38
404 38
405 38
406 39
407 39
408 39
409 39
410 38
411 38
412 38
413 38
414 38
415 38
416 38
417 38
418 38
419 39
420 38
421 39
422 39
423 39
424 38
425 38
426 38
427 39
428 39
429 39
430 39
431 39
432 39
433 38
434 38
435 38
436 38
437 38
438 38
439 39
440 39
441 39
442 39
443 39
444 39
445 39
446 40
447 40
448 40
449 40
450 40
451 40
452 40
453 40
454 40
455 40
456 40
457 40
458 40
459 40
460 40
461 40
462 40
463 40
464 41
465 41
466 41
467 40
468 40
469 41
470 41
471 41
472 41
473 41
474 41
475 40
476 40
477 40
478 40
479 40
480 40
481 40
482 40
483 40
484 40
485 40
486 40
487 40
488 40
489 38
490 39
491 39
492 39
493 39
494 39
495 39
496 39
497 40
498 40
499 40
500 40
501 40
502 40
503 40
504 40
505 39
506 40
507 39
508 39
509 39
510 39
511 39
512 39
513 39
514 39
515 39
516 39
517 39
518 39
519 39
520 40
521 40
522 40
523 39
524 39
525 39
526 39
527 39
528 39
529 39
530 39
531 39
532 40
533 40
534 40
535 40
536 40
537 40
538 40
539 39
540 39
541 40
542 39
543 39
544 39
545 39
546 39
547 39
548 40
549 40
550 40
551 40
552 40
553 40
554 40
555 40
556 40
557 40
558 40
559 40
560 40
561 40
562 40
563 40
564 40
565 39
566 39
567 39
568 39
569 40
570 40
571 40
572 40
573 40
574 40
575 39
576 39
577 39
578 39
579 40
580 40
581 40
582 40
583 40
584 39
585 39
586 39
587 39
588 40
589 40
590 40
591 40
592 40
593 40
594 40
595 40
596 40
597 40
598 40
599 40
600 40
601 40
602 40
603 40
604 40
605 40
606 40
607 40
608 40
609 40
610 40
611 40
612 40
613 40
614 40
615 40
616 40
617 40
618 40
619 40
620 40
621 38
622 38
623 38
624 38
625 38
626 38
627 38
628 38
629 38
630 38
631 38
632 38
633 38
634 38
635 38
636 39
637 39
638 39
639 39
640 39
641 38
642 38
643 39
644 39
645 39
646 39
647 39
648 39
649 39
650 39
651 39
652 39
653 39
654 39
655 40
656 40
657 40
658 39
659 39
660 40
661 40
662 40
663 40
664 40
665 40
666 40
667 40
668 40
669 40
670 41
671 41
672 41
673 41
674 41
675 40
676 41
677 41
678 41
