0 58
1 54
2 54
3 52
4 52
5 51
6 50
7 50
8 50
9 50
10 49
11 49
12 48
13 48
14 48
15 47
16 47
17 47
18 47
19 46
20 47
21 46
22 46
23 44
24 44
25 44
26 45
27 45
28 46
29 46
30 46
31 46
32 47
33 48
34 48
35 48
36 46
37 45
38 45
39 46
40 46
41 46
42 46
43 46
44 46
45 46
46 46
47 46
48 46
49 46
50 46
51 46
52 46
53 46
54 46
55 47
56 47
57 47
58 47
59 46
60 47
61 46
62 45
63 46
64 46
65 45
66 46
67 46
68 47
69 47
70 46
71 46
72 46
73 46
74 46
75 47
76 46
77 46
78 45
79 45
80 45
81 46
82 45
83 45
84 47
85 48
86 49
87 50
88 51
89 51
90 52
91 51
92 51
93 50
94 50
95 49
96 49
97 48
98 48
99 48
100 49
101 49
102 49
103 49
104 50
105 50
106 49
107 49
108 48
109 48
110 47
111 47
112 47
113 47
114 47
115 47
116 47
117 47
118 47
119 47
120 48
121 48
122 47
123 47
124 47
125 47
126 47
127 47
128 47
129 48
130 48
131 49
132 50
133 51
134 50
135 50
136 50
137 50
138 50
139 48
140 48
141 49
142 50
143 50
144 50
145 49
146 49
147 50
148 51
149 51
150 52
151 53
152 53
153 53
154 53
155 52
156 52
157 52
158 51
159 51
160 52
161 52
162 51
163 49
164 47
165 47
166 48
167 49
168 49
169 49
170 49
171 49
172 49
173 50
174 50
175 50
176 50
177 50
178 50
179 50
180 50
181 50
182 50
183 50
184 49
185 50
186 50
187 51
188 52
189 52
190 53
191 54
192 54
193 55
194 55
195 55
196 55
197 54
198 54
199 53
200 53
201 53
202 52
203 53
204 53
205 54
206 54
207 55
208 54
209 54
210 53
211 53
212 52
213 53
214 53
215 54
216 54
217 54
218 55
219 55
220 55
221 55
222 56
223 56
224 56
225 56
226 56
227 57
228 57
229 56
230 55
231 54
232 54
233 54
234 54
235 54
236 55
237 55
238 55
239 56
240 56
241 56
242 56
243 56
244 56
245 56
246 55
247 54
248 54
249 53
250 53
251 54
252 54
253 54
254 54
255 54
256 53
257 53
258 52
259 52
260 52
261 53
262 53
263 52
264 52
265 51
266 51
267 51
268 52
269 51
270 51
271 51
272 50
273 51
274 51
275 51
276 50
277 50
278 50
279 50
280 51
281 52
282 52
283 53
284 54
285 54
286 54
287 53
288 53
289 52
290 52
291 52
292 53
293 52
294 52
295 51
296 51
297 51
298 50
299 48
300 49
301 49
302 49
303 49
304 49
305 49
306 50
307 50
308 50
309 50
310 49
311 49
312 50
313 51
314 51
315 49
316 47
317 45
318 43
319 42
320 42
321 42
322 42
323 43
324 43
325 44
326 44
327 45
328 44
329 45
330 45
331 45
332 46
333 45
334 45
335 46
336 47
337 46
338 46
339 47
340 48
341 49
342 49
343 49
344 49
345 48
346 48
347 48
348 48
349 48
350 47
351 47
352 47
353 48
354 48
355 49
356 49
357 49
358 49
359 49
360 47
361 48
362 48
363 48
364 49
365 49
366 49
367 49
368 49
369 49
370 48
371 48
372 48
373 47
374 47
375 47
376 46
377 46
378 47
379 47
380 47
381 49
382 49
383 50
384 51
385 50
386 49
387 49
388 49
389 49
390 49
391 49
392 49
393 49
394 50
395 50
396 50
397 50
398 50
399 50
400 51
401 51
402 51
403 52
404 52
405 53
406 52
407 52
408 52
409 51
410 50
411 50
412 50
413 50
414 50
415 50
416 49
417 49
418 49
419 49
420 49
421 49
422 49
423 50
424 50
425 50
426 49
427 49
428 49
429 49
430 49
431 49
432 50
433 51
434 52
435 52
436 53
437 53
438 53
439 52
440 52
441 52
442 52
443 52
444 52
445 53
446 53
447 54
448 54
449 54
450 54
451 53
452 53
453 53
454 52
455 51
456 51
457 51
458 51
459 50
460 50
461 50
462 50
463 50
464 50
465 50
466 51
467 52
468 52
469 53
470 53
471 52
472 52
473 51
474 51
475 51
476 52
477 53
478 53
479 54
480 54
481 54
482 54
483 53
484 53
485 53
486 52
487 52
488 53
489 53
490 54
491 54
492 55
493 54
494 55
495 55
496 56
497 56
498 56
499 56
500 57
501 57
502 57
503 57
504 57
505 57
506 56
507 56
508 55
509 54
510 54
511 53
512 54
513 54
514 55
515 55
516 55
517 55
518 54
519 53
520 53
521 53
522 52
523 53
524 54
525 54
526 54
527 54
528 53
529 53
530 52
531 52
532 52
533 51
534 51
535 50
536 50
537 51
538 51
539 51
540 51
541 51
542 50
543 51
544 51
545 52
546 52
547 53
548 53
549 53
550 53
551 52
552 52
553 52
554 51
555 52
556 53
557 53
558 54
559 54
560 54
561 54
562 53
563 53
564 52
565 52
566 52
567 52
568 52
569 52
570 51
571 51
572 51
573 51
574 51
575 51
576 51
577 50
578 51
579 51
580 52
581 53
582 53
583 52
584 52
585 52
586 52
587 51
588 51
589 52
590 53
591 53
592 54
593 53
594 53
595 52
596 52
597 52
598 52
599 52
600 52
601 52
602 52
603 50
604 50
605 50
606 50
607 50
608 49
609 50
610 50
611 50
612 50
613 50
614 48
615 48
616 49
617 49
618 49
619 50
620 51
621 52
622 53
623 53
624 51
625 51
626 51
627 51
628 51
629 52
630 52
631 52
632 52
633 52
634 51
635 51
636 51
637 51
638 51
639 51
640 50
641 50
642 50
643 51
644 52
645 53
646 53
647 53
648 52
649 52
650 52
651 52
652 52
653 52
654 53
655 54
656 54
657 55
658 54
659 54
660 55
661 54
662 54
663 53
664 53
665 53
666 53
667 53
668 54
669 54
670 54
671 54
672 54
673 53
674 53
675 53
676 52
677 52
678 53
679 54
680 53
681 54
682 53
683 53
684 52
685 52
686 52
687 53
688 53
689 54
690 53
691 52
692 52
693 52
694 52
695 52
696 51
697 51
698 51
699 51
700 51
701 51
702 51
703 52
704 52
705 53
706 54
707 54
708 55
709 55
710 55
711 56
712 56
713 56
714 56
715 56
716 56
717 57
718 57
719 57
720 57
721 57
722 58
723 58
724 58
725 58
726 57
727 57
728 58
729 58
730 58
731 58
732 58
733 58
734 58
735 58
736 58
737 58
738 58
739 58
740 58
741 58
742 58
743 58
744 58
745 58
746 58
747 58
748 58
749 58
750 58
751 58
752 58
753 58
754 58
755 58
756 58
757 58
758 58
759 58
760 58
761 58
762 58
763 58
764 58
765 58
766 58
767 58
768 58
769 58
770 58
771 58
772 58
773 58
774 58
775 58
776 58
777 58
778 58
779 58
780 58
781 58
782 58
783 58
784 58
785 58
786 58
787 58
788 57
789 57
790 58
791 58
792 58
793 58
794 58
795 58
796 58
797 58
798 58
799 58
800 57
801 58
802 58
803 58
804 58
805 58
806 58
807 58
808 58
809 58
810 58
811 58
812 57
813 57
814 58
815 58
816 58
817 58
818 58
819 58
820 58
821 58
822 58
823 58
824 58
825 58
826 58
827 58
828 58
829 58
830 58
831 58
832 58
833 58
834 58
835 58
836 58
837 57
838 57
839 58
840 58
841 58
842 58
843 58
844 58
845 58
846 58
847 58
848 58
849 57
850 57
851 58
852 58
853 58
854 58
855 58
856 58
857 58
858 58
859 58
860 58
861 57
862 58
863 57
864 57
865 57
866 57
867 58
868 58
869 58
870 58
871 58
872 58
873 57
874 58
875 58
876 58
877 58
878 58
879 58
880 58
881 58
882 58
883 58
884 58
885 58
886 58
887 58
888 58
889 58
890 58
891 58
892 58
893 58
894 58
895 58
896 58
897 58
898 58
899 58
900 58
901 58
902 58
903 58
904 58
905 58
906 58
907 58
908 57
909 57
910 57
911 57
912 57
913 56
914 56
915 55
916 54
917 54
918 53
919 53
920 52
921 51
922 51
923 52
924 51
925 51
926 50
927 51
928 51
929 52
930 53
931 53
932 53
933 53
934 54
935 54
936 55
937 55
938 56
939 56
940 56
941 56
942 57
943 56
944 56
945 57
946 57
947 57
948 57
949 58
950 58
951 58
952 58
953 58
954 58
955 58
956 58
957 58
958 58
959 58
960 58
961 58
962 56
963 55
964 55
965 54
966 54
967 53
968 53
969 53
970 52
971 52
972 52
973 53
974 54
975 54
976 55
977 55
978 55
979 55
980 56
981 56
982 56
983 57
984 57
985 57
986 57
987 57
988 57
989 58
990 57
991 57
992 57
993 57
994 58
995 58
996 58
997 58
998 58
999 58
1000 58
1001 58
1002 58
1003 58
1004 58
1005 58
1006 58
1007 58
1008 58
1009 58
1010 58
1011 58
1012 58
1013 58
1014 58
1015 57
1016 57
1017 58
1018 58
1019 58
1020 58
1021 58
1022 58
1023 58
1024 58
1025 58
1026 58
1027 57
1028 58
1029 58
1030 58
1031 58
1032 58
1033 58
1034 57
1035 57
1036 57
1037 57
1038 58
1039 57
1040 57
1041 57
1042 58
1043 58
1044 58
1045 58
1046 58
1047 58
1048 58
1049 58
1050 58
1051 58
1052 58
1053 58
1054 58
1055 58
1056 58
1057 58
1058 58
1059 58
1060 58
1061 58
1062 58
1063 58
1064 58
1065 58
1066 58
1067 58
1068 58
1069 58
1070 58
1071 58
1072 58
1073 58
1074 58
1075 58
1076 58
1077 58
1078 58
1079 58
1080 58
1081 58
1082 58
1083 58
1084 58
1085 58
1086 58
1087 58
1088 58
1089 58
1090 58
1091 58
1092 58
1093 58
1094 58
1095 58
1096 58
1097 58
1098 58
1099 58
1100 58
1101 58
1102 58
1103 58
1104 58
1105 58
1106 58
1107 58
1108 58
1109 58
1110 58
1111 58
1112 58
1113 57
1114 58
1115 58
1116 58
1117 58
1118 58
1119 58
1120 58
1121 58
1122 58
1123 58
1124 58
1125 58
1126 58
1127 58
1128 58
1129 58
1130 58
1131 58
1132 58
1133 58
1134 58
1135 58
1136 58
1137 58
1138 57
1139 57
1140 58
1141 58
1142 58
1143 58
1144 58
1145 58
1146 58
1147 58
1148 58
1149 58
1150 57
1151 57
1152 58
1153 58
1154 58
1155 58
1156 58
1157 58
1158 58
1159 58
1160 58
1161 58
1162 57
1163 57
1164 58
1165 58
1166 58
1167 58
1168 58
1169 58
1170 58
1171 58
1172 58
1173 58
1174 57
1175 58
1176 58
1177 58
1178 58
1179 58
1180 58
1181 58
1182 58
1183 58
1184 58
1185 58
1186 58
1187 57
1188 57
1189 58
1190 58
1191 58
1192 58
1193 58
1194 58
1195 58
1196 58
1197 58
1198 58
1199 57
1200 57
1201 58
1202 58
1203 58
1204 58
1205 58
1206 58
1207 58
1208 58
1209 57
1210 57
1211 57
1212 57
1213 57
1214 57
1215 58
1216 58
1217 58
1218 58
1219 58
1220 58
1221 58
1222 58
1223 57
1224 56
1225 55
1226 54
1227 54
1228 54
1229 54
1230 55
1231 55
1232 55
1233 56
1234 55
1235 55
1236 54
1237 54
1238 54
1239 53
1240 53
1241 54
1242 54
1243 55
1244 55
1245 55
1246 55
1247 56
1248 56
1249 56
1250 55
1251 55
1252 54
1253 54
1254 52
1255 51
1256 51
1257 51
1258 51
1259 51
1260 51
1261 51
1262 51
1263 50
1264 50
1265 49
1266 49
1267 49
1268 49
1269 49
1270 49
1271 49
1272 49
1273 49
1274 50
1275 51
1276 52
1277 52
1278 52
1279 52
1280 51
1281 51
1282 51
1283 51
1284 52
1285 53
1286 53
1287 54
1288 54
1289 54
1290 54
1291 55
1292 55
1293 56
1294 56
1295 56
1296 57
1297 57
1298 57
1299 57
1300 57
1301 57
1302 57
1303 57
1304 57
1305 57
1306 58
1307 58
1308 58
1309 58
1310 58
1311 58
1312 58
1313 57
1314 58
1315 58
1316 58
1317 58
1318 58
1319 58
1320 58
1321 58
1322 58
1323 58
1324 58
1325 58
1326 58
1327 58
1328 58
1329 58
1330 58
1331 58
1332 58
1333 58
1334 58
1335 58
1336 58
1337 58
1338 58
1339 58
1340 58
1341 58
1342 58
1343 58
1344 58
1345 58
1346 58
1347 58
1348 58
1349 58
1350 58
1351 58
1352 58
1353 58
1354 58
1355 58
1356 58
1357 58
1358 58
1359 58
1360 58
1361 58
1362 57
1363 57
1364 57
1365 58
1366 58
1367 58
1368 58
1369 58
1370 58
1371 58
1372 58
1373 58
1374 58
1375 58
1376 57
1377 57
1378 57
1379 57
1380 58
1381 58
1382 58
1383 58
1384 58
1385 58
1386 58
1387 58
1388 58
1389 58
1390 58
1391 58
1392 58
1393 58
1394 58
1395 58
1396 58
1397 59
1398 58
1399 58
1400 58
1401 58
1402 58
1403 58
1404 58
1405 58
1406 58
1407 58
1408 58
1409 58
1410 58
1411 58
1412 58
1413 58
1414 58
1415 58
1416 58
1417 58
1418 58
1419 58
1420 58
1421 58
1422 58
1423 58
1424 58
1425 58
1426 58
1427 58
1428 58
1429 58
1430 58
1431 58
1432 58
1433 58
1434 58
1435 58
1436 57
1437 58
1438 58
1439 58
1440 58
1441 58
1442 58
1443 58
1444 58
1445 58
1446 58
1447 57
1448 57
1449 57
1450 58
1451 58
1452 58
1453 58
1454 58
1455 58
1456 58
1457 58
1458 58
1459 58
1460 57
1461 57
1462 57
1463 58
1464 58
1465 58
1466 58
1467 58
1468 58
1469 58
1470 58
1471 58
1472 58
1473 58
1474 58
1475 58
1476 58
1477 58
1478 58
1479 58
1480 58
1481 58
1482 58
1483 58
1484 58
1485 58
1486 58
1487 58
1488 58
1489 58
1490 58
1491 58
1492 58
1493 58
1494 58
1495 58
1496 58
1497 58
1498 58
1499 58
1500 58
1501 58
1502 58
1503 58
1504 58
1505 58
1506 58
1507 58
1508 58
1509 57
1510 58
1511 58
1512 58
1513 58
1514 58
1515 58
1516 58
1517 58
1518 58
1519 58
1520 58
1521 57
1522 57
1523 58
1524 58
1525 58
1526 58
1527 58
1528 58
1529 58
1530 58
1531 58
1532 58
1533 57
1534 58
1535 58
1536 57
1537 58
1538 57
1539 57
1540 57
1541 57
1542 56
1543 55
1544 54
1545 54
1546 52
1547 52
1548 52
1549 52
1550 51
1551 51
1552 51
1553 50
1554 50
1555 49
1556 49
1557 49
1558 49
1559 49
1560 48
1561 48
1562 49
1563 49
1564 49
1565 48
1566 49
1567 49
1568 49
1569 49
1570 48
1571 48
1572 48
1573 48
1574 49
1575 49
1576 49
1577 49
1578 49
1579 49
1580 49
1581 49
1582 50
1583 51
1584 52
1585 53
1586 53
1587 53
1588 53
1589 54
1590 53
1591 53
1592 53
1593 52
1594 52
1595 52
1596 53
1597 53
1598 53
1599 53
1600 53
1601 53
1602 52
1603 52
1604 52
1605 52
1606 53
1607 53
1608 53
1609 54
1610 54
1611 54
1612 55
1613 54
1614 54
1615 53
1616 53
1617 53
1618 53
1619 53
1620 52
1621 52
1622 52
1623 52
1624 52
1625 52
1626 52
1627 53
1628 53
1629 54
1630 54
1631 54
1632 55
1633 55
1634 55
1635 56
1636 56
1637 56
1638 57
1639 57
1640 57
1641 57
1642 57
1643 57
1644 57
1645 57
1646 57
1647 58
1648 58
1649 58
1650 58
1651 58
1652 58
1653 58
1654 58
1655 58
1656 58
1657 58
1658 58
1659 58
1660 58
1661 58
1662 58
1663 58
1664 58
1665 59
1666 58
1667 58
1668 58
1669 58
1670 58
1671 58
1672 58
1673 58
1674 58
1675 58
1676 58
1677 58
1678 58
1679 58
1680 58
1681 58
1682 58
1683 58
1684 58
1685 58
1686 58
1687 58
1688 58
1689 58
1690 58
1691 58
1692 58
1693 58
1694 58
1695 58
1696 58
1697 58
1698 58
1699 58
1700 58
1701 58
1702 58
1703 58
1704 57
1705 57
1706 58
1707 58
1708 58
1709 58
1710 58
1711 58
1712 58
1713 58
1714 58
1715 57
1716 56
1717 56
1718 56
1719 55
1720 55
1721 54
1722 54
1723 54
1724 54
1725 55
1726 55
1727 55
1728 55
1729 55
1730 56
1731 56
1732 56
1733 57
1734 57
1735 57
1736 57
1737 58
1738 58
1739 58
1740 57
1741 57
1742 57
1743 58
1744 58
1745 58
1746 58
1747 58
1748 58
1749 58
1750 58
1751 58
1752 58
1753 58
1754 58
1755 58
1756 58
1757 58
1758 58
1759 58
1760 58
1761 58
1762 58
1763 58
1764 58
1765 57
1766 57
1767 58
1768 58
1769 58
1770 58
1771 58
1772 58
1773 58
1774 58
1775 58
1776 58
1777 58
1778 58
1779 58
1780 58
1781 58
1782 58
1783 58
1784 58
1785 58
1786 58
1787 58
1788 58
1789 58
1790 58
1791 58
1792 58
1793 58
1794 58
1795 58
1796 58
1797 58
1798 58
1799 58
1800 58
1801 57
1802 57
1803 57
1804 58
1805 58
1806 58
1807 58
1808 58
1809 58
1810 58
1811 58
1812 58
1813 58
1814 56
1815 55
1816 54
1817 54
1818 54
1819 54
1820 55
1821 55
1822 56
1823 56
1824 56
1825 56
1826 56
1827 56
1828 57
1829 57
1830 57
1831 57
1832 58
1833 58
1834 58
1835 58
1836 58
1837 57
1838 57
1839 58
1840 58
1841 58
1842 58
1843 58
1844 58
1845 58
1846 58
1847 58
1848 58
1849 58
1850 57
1851 57
1852 58
1853 57
1854 58
1855 57
1856 57
1857 57
1858 56
1859 56
1860 56
1861 55
1862 54
1863 53
1864 53
1865 54
1866 55
1867 55
1868 55
1869 56
1870 56
1871 56
1872 56
1873 56
1874 57
1875 57
1876 57
1877 57
1878 57
1879 57
1880 58
1881 58
1882 58
1883 58
1884 58
1885 57
1886 57
1887 57
1888 56
1889 55
1890 55
1891 54
1892 54
1893 54
1894 54
1895 55
1896 54
1897 55
1898 54
1899 54
1900 53
1901 53
1902 53
1903 53
1904 53
1905 54
1906 54
1907 54
1908 55
1909 51
1910 49
1911 49
1912 49
1913 49
1914 49
1915 49
1916 49
1917 50
1918 51
1919 52
1920 52
1921 53
1922 54
1923 54
1924 55
1925 55
1926 56
1927 56
1928 55
1929 56
1930 56
1931 56
1932 57
1933 57
1934 57
1935 57
1936 57
1937 58
1938 58
1939 58
1940 57
1941 57
1942 57
1943 58
1944 58
1945 58
1946 58
1947 58
1948 58
1949 58
1950 58
1951 58
1952 58
1953 58
1954 58
1955 58
1956 58
1957 58
1958 58
1959 58
1960 58
1961 58
1962 58
1963 58
1964 58
1965 57
1966 58
1967 58
1968 58
1969 58
1970 58
1971 58
1972 58
1973 58
1974 58
1975 58
1976 58
1977 57
1978 57
1979 58
1980 58
1981 56
1982 55
1983 55
1984 54
1985 54
1986 54
1987 54
1988 54
1989 54
1990 53
1991 53
1992 53
1993 52
1994 52
1995 53
1996 53
1997 54
1998 55
1999 54
2000 55
2001 55
2002 55
2003 56
2004 56
2005 56
2006 57
2007 57
2008 57
2009 57
2010 57
2011 57
2012 57
2013 57
2014 57
2015 57
2016 58
2017 58
2018 58
2019 58
2020 58
2021 58
2022 58
2023 58
2024 58
2025 58
2026 58
2027 58
2028 58
2029 58
2030 58
2031 58
2032 58
2033 58
2034 58
2035 58
2036 58
2037 58
2038 58
2039 58
2040 58
2041 58
2042 58
2043 58
2044 58
2045 58
2046 59
2047 59
2048 57
2049 57
2050 57
2051 58
2052 58
2053 58
2054 58
2055 57
2056 56
2057 55
2058 55
2059 54
2060 54
2061 54
2062 55
2063 55
2064 55
2065 56
2066 56
2067 56
2068 56
2069 57
2070 57
2071 57
2072 56
2073 57
2074 57
2075 57
2076 57
2077 57
2078 58
2079 58
2080 58
2081 58
2082 58
2083 58
2084 57
2085 57
2086 57
2087 56
2088 56
2089 55
2090 55
2091 54
2092 54
2093 54
2094 55
2095 54
2096 54
2097 54
2098 53
2099 53
2100 53
2101 53
2102 53
2103 54
2104 54
2105 55
2106 55
2107 55
2108 55
2109 56
2110 56
2111 56
2112 56
2113 57
2114 57
2115 57
2116 57
2117 57
2118 58
2119 57
2120 57
2121 57
2122 57
2123 57
2124 57
2125 58
2126 58
2127 58
2128 58
2129 58
2130 58
2131 58
2132 58
2133 58
2134 58
2135 58
2136 58
2137 58
2138 58
2139 58
2140 58
2141 58
2142 59
2143 58
2144 58
2145 58
2146 58
2147 58
2148 58
2149 58
2150 58
2151 58
2152 58
2153 58
2154 58
2155 58
2156 58
2157 58
2158 58
2159 58
2160 58
2161 58
2162 58
2163 58
2164 58
2165 58
2166 58
2167 58
2168 58
2169 58
2170 58
2171 58
2172 58
2173 58
2174 58
2175 58
2176 58
2177 58
2178 58
2179 58
2180 57
2181 57
2182 57
2183 57
2184 58
2185 58
2186 58
2187 58
2188 58
2189 58
2190 58
2191 58
2192 56
2193 54
2194 54
2195 54
2196 54
2197 55
2198 55
2199 55
2200 56
2201 56
2202 56
2203 56
2204 56
2205 56
2206 57
2207 57
2208 57
2209 57
2210 57
2211 57
2212 57
2213 57
2214 58
2215 58
2216 57
2217 57
2218 58
2219 58
2220 58
2221 58
2222 58
2223 58
2224 58
2225 58
2226 57
2227 57
2228 57
2229 56
2230 55
2231 55
2232 54
2233 54
2234 54
2235 54
2236 54
2237 54
2238 54
2239 53
2240 53
2241 53
2242 52
2243 53
2244 54
2245 54
2246 55
2247 55
2248 56
2249 56
2250 56
2251 56
2252 56
2253 56
2254 57
2255 57
2256 57
2257 57
2258 57
2259 58
2260 58
2261 58
2262 58
2263 57
2264 57
2265 56
2266 55
2267 55
2268 54
2269 54
2270 53
2271 53
2272 53
2273 52
2274 52
2275 51
2276 50
2277 50
2278 50
2279 50
2280 51
2281 52
2282 52
2283 52
2284 52
2285 52
2286 51
2287 51
2288 50
2289 50
2290 50
2291 50
2292 50
2293 50
2294 50
2295 51
2296 50
2297 50
2298 50
2299 50
2300 50
2301 51
2302 52
2303 53
2304 53
2305 53
2306 53
2307 54
2308 55
2309 55
2310 55
2311 56
2312 56
2313 56
2314 57
2315 57
2316 57
2317 55
2318 54
2319 54
2320 53
2321 53
2322 54
2323 54
2324 53
2325 53
2326 53
2327 52
2328 52
2329 52
2330 51
2331 51
2332 51
2333 51
2334 51
2335 52
2336 52
2337 53
2338 54
2339 54
2340 54
2341 55
2342 55
2343 55
2344 56
2345 56
2346 56
2347 57
2348 57
2349 57
2350 57
2351 57
2352 57
2353 57
2354 57
2355 57
2356 57
2357 58
2358 58
2359 58
2360 58
2361 58
2362 58
2363 58
2364 58
2365 58
2366 58
2367 58
2368 58
2369 58
2370 58
2371 58
2372 58
2373 58
2374 58
2375 58
2376 58
2377 58
2378 57
2379 58
2380 58
2381 58
2382 58
2383 58
2384 58
2385 58
2386 58
2387 58
2388 58
2389 58
2390 58
2391 56
2392 57
2393 57
2394 57
2395 57
2396 58
2397 58
2398 58
2399 58
2400 58
2401 57
2402 58
2403 58
2404 58
2405 58
2406 58
2407 58
2408 58
2409 58
2410 58
2411 58
2412 58
2413 58
2414 58
2415 58
2416 58
2417 58
2418 58
2419 58
2420 58
2421 58
2422 59
2423 59
2424 59
2425 58
2426 58
2427 58
2428 58
2429 58
2430 58
2431 58
2432 58
2433 58
2434 58
2435 58
2436 58
2437 58
2438 57
2439 57
2440 58
2441 58
2442 58
2443 58
2444 58
2445 58
2446 58
2447 58
2448 58
2449 58
2450 58
2451 58
2452 58
2453 58
2454 58
2455 58
2456 58
2457 58
2458 58
2459 58
2460 58
2461 58
2462 57
2463 58
2464 58
2465 58
2466 58
2467 58
2468 58
2469 58
2470 58
2471 58
2472 58
2473 58
2474 57
2475 58
2476 58
2477 58
2478 58
2479 58
2480 58
2481 58
2482 58
2483 58
2484 58
2485 58
2486 58
2487 58
2488 58
2489 56
2490 55
2491 55
2492 54
2493 54
2494 54
2495 54
2496 54
2497 54
2498 55
2499 55
2500 55
2501 56
2502 56
2503 56
2504 57
2505 57
2506 57
2507 57
2508 57
2509 57
2510 57
2511 57
2512 57
2513 57
2514 58
2515 58
2516 58
2517 58
2518 58
2519 58
2520 58
2521 58
2522 58
2523 58
2524 58
2525 58
2526 58
2527 58
2528 58
2529 58
2530 58
2531 58
2532 58
2533 59
2534 58
2535 58
2536 58
2537 58
2538 58
2539 58
2540 58
2541 58
2542 58
2543 58
2544 58
2545 58
2546 58
2547 58
2548 58
2549 58
2550 58
2551 58
2552 58
2553 58
2554 58
2555 58
2556 58
2557 58
2558 58
2559 57
2560 57
2561 58
2562 58
2563 58
2564 58
2565 57
2566 57
2567 57
2568 58
2569 58
2570 58
2571 57
2572 57
2573 57
2574 56
2575 56
2576 55
2577 54
2578 54
2579 54
2580 54
2581 54
2582 53
2583 53
2584 53
2585 52
2586 52
2587 52
2588 53
2589 54
2590 54
2591 55
2592 55
2593 55
2594 55
2595 55
2596 54
2597 54
2598 53
2599 53
2600 53
2601 53
2602 53
2603 54
2604 54
2605 54
2606 53
2607 53
2608 53
2609 52
2610 52
2611 53
2612 54
2613 54
2614 55
2615 55
2616 55
2617 55
2618 55
2619 56
2620 56
2621 56
2622 57
2623 57
2624 57
2625 57
2626 57
2627 57
2628 57
2629 57
2630 57
2631 57
2632 58
2633 58
2634 58
2635 58
2636 58
2637 58
2638 58
2639 58
2640 58
2641 58
2642 58
2643 58
2644 58
2645 58
2646 58
2647 58
2648 58
2649 58
2650 58
2651 58
2652 58
2653 58
2654 58
2655 58
2656 58
2657 58
2658 58
2659 58
2660 58
2661 58
2662 58
2663 58
2664 58
2665 57
2666 58
2667 58
2668 58
2669 58
2670 58
2671 58
2672 58
2673 58
2674 58
2675 58
2676 58
2677 57
2678 58
2679 58
2680 58
2681 58
2682 58
2683 58
2684 58
2685 58
2686 58
2687 58
2688 58
2689 58
2690 58
2691 58
2692 58
2693 58
2694 58
2695 58
2696 58
2697 58
2698 58
2699 58
2700 58
2701 57
2702 57
2703 58
2704 58
2705 58
2706 58
2707 58
2708 58
2709 58
2710 58
2711 58
2712 58
2713 58
2714 57
2715 58
2716 58
2717 58
2718 58
2719 58
2720 58
2721 58
2722 58
2723 58
2724 58
2725 58
2726 57
2727 58
2728 58
2729 58
2730 58
2731 58
2732 58
2733 58
2734 58
2735 58
2736 58
2737 57
2738 56
2739 57
2740 57
2741 57
2742 57
2743 57
2744 58
2745 58
2746 58
2747 58
2748 58
2749 58
2750 57
2751 58
2752 58
2753 58
2754 58
2755 58
2756 58
2757 58
2758 58
2759 58
2760 58
2761 58
2762 58
2763 58
2764 58
2765 58
2766 58
2767 58
2768 58
2769 59
2770 59
2771 58
2772 58
2773 58
2774 58
2775 57
2776 56
2777 55
2778 55
2779 54
2780 53
2781 53
2782 53
2783 52
2784 52
2785 51
2786 50
2787 50
2788 50
2789 50
2790 50
2791 51
2792 50
2793 50
2794 50
2795 50
2796 50
2797 50
2798 50
2799 50
2800 50
2801 50
2802 50
2803 50
2804 51
2805 51
2806 51
2807 50
2808 50
2809 51
2810 51
2811 52
2812 53
2813 54
2814 54
2815 55
2816 55
2817 55
2818 55
2819 55
2820 56
2821 56
2822 56
2823 57
2824 57
2825 57
2826 57
2827 58
2828 58
2829 58
2830 57
2831 57
2832 57
2833 57
2834 58
2835 58
2836 58
2837 58
2838 58
2839 58
2840 58
2841 58
2842 57
2843 57
2844 58
2845 58
2846 58
2847 58
2848 58
2849 58
2850 58
2851 58
2852 58
2853 58
2854 58
2855 57
2856 57
2857 58
2858 58
2859 58
2860 58
2861 58
2862 58
2863 58
2864 58
2865 58
2866 58
2867 57
2868 57
2869 58
2870 58
2871 58
2872 58
2873 58
2874 58
2875 58
2876 58
2877 58
2878 58
2879 58
2880 58
2881 58
2882 58
2883 58
2884 58
2885 58
2886 58
2887 58
2888 58
2889 58
2890 58
2891 57
2892 58
2893 58
2894 58
2895 58
2896 58
2897 58
2898 58
2899 58
2900 58
2901 58
2902 58
2903 58
2904 58
2905 58
2906 57
2907 57
2908 57
2909 57
2910 57
2911 58
2912 58
2913 58
2914 58
2915 58
2916 57
2917 57
2918 58
2919 58
2920 58
2921 58
2922 58
2923 58
2924 58
2925 58
2926 58
2927 58
2928 58
2929 58
2930 58
2931 58
2932 58
2933 58
2934 58
2935 58
2936 58
2937 58
2938 58
2939 59
2940 58
2941 58
2942 58
2943 58
2944 58
2945 58
2946 58
2947 58
2948 58
2949 58
2950 58
2951 58
2952 58
2953 58
2954 58
2955 58
2956 58
2957 58
2958 58
2959 58
2960 58
2961 58
2962 58
2963 58
2964 58
2965 57
2966 57
2967 58
2968 58
2969 58
2970 58
2971 58
2972 58
2973 58
2974 58
2975 58
2976 58
2977 57
2978 58
2979 58
2980 58
2981 58
2982 58
2983 58
2984 58
2985 58
2986 58
2987 58
2988 58
2989 57
2990 58
2991 58
2992 58
2993 58
2994 58
2995 58
2996 58
2997 58
2998 58
2999 58
3000 58
3001 58
3002 58
3003 58
3004 58
3005 58
3006 58
3007 58
3008 58
3009 58
3010 58
3011 58
3012 58
3013 58
3014 57
3015 58
3016 58
3017 58
3018 58
3019 58
3020 58
3021 58
3022 58
3023 58
3024 58
3025 57
3026 57
3027 57
3028 57
3029 58
3030 58
3031 58
3032 58
3033 58
3034 58
3035 58
3036 58
3037 58
3038 58
3039 58
3040 58
3041 58
3042 58
3043 58
3044 58
3045 58
3046 58
3047 58
3048 58
3049 58
3050 57
3051 58
3052 58
3053 58
3054 58
3055 58
3056 58
3057 58
3058 58
3059 58
3060 58
3061 58
3062 57
3063 55
3064 55
3065 54
3066 54
3067 53
3068 54
3069 54
3070 54
3071 54
3072 53
3073 51
3074 51
3075 51
3076 51
3077 51
3078 50
3079 50
3080 50
3081 50
3082 49
3083 50
3084 50
3085 50
3086 50
3087 48
3088 48
3089 49
3090 49
3091 49
3092 49
3093 49
3094 50
3095 50
3096 50
3097 49
3098 49
3099 50
3100 50
3101 51
3102 52
3103 53
3104 53
3105 53
3106 52
3107 52
3108 52
3109 52
