0 56
1 52
2 50
3 48
4 46
5 45
6 44
7 44
8 43
9 41
10 41
11 40
12 40
13 39
14 39
15 38
16 37
17 37
18 36
19 34
20 34
21 34
22 34
23 34
24 33
25 33
26 32
27 32
28 32
29 32
30 31
31 32
32 32
33 32
34 32
35 32
36 32
37 32
38 33
39 33
40 34
41 33
42 34
43 34
44 34
45 33
46 33
47 34
48 33
49 33
50 34
51 34
52 34
53 34
54 34
55 34
56 33
57 34
58 35
59 35
60 34
61 35
62 35
63 34
64 34
65 34
66 35
67 34
68 35
69 35
70 33
71 33
72 33
73 34
74 34
75 34
76 34
77 34
78 34
79 34
80 34
81 34
82 35
83 35
84 35
85 36
86 35
87 36
88 36
89 36
90 36
91 36
92 36
93 36
94 36
95 36
96 36
97 36
98 36
99 36
100 36
101 35
102 36
103 36
104 36
105 36
106 36
107 36
108 36
109 35
110 36
111 36
112 35
113 35
114 35
115 35
116 36
117 36
118 36
119 36
120 36
121 36
122 36
123 36
124 37
125 36
126 36
127 36
128 36
129 36
130 36
131 35
132 36
133 36
134 37
135 36
136 36
137 36
138 36
139 36
140 36
141 36
142 36
143 36
144 36
145 35
146 36
147 36
148 36
149 35
150 35
151 35
152 36
153 35
154 35
155 35
156 35
157 35
158 34
159 34
160 34
161 35
162 35
163 34
164 35
165 35
166 35
167 35
168 35
169 36
170 36
171 36
172 35
173 35
174 36
175 36
176 35
177 35
178 36
179 36
180 36
181 35
182 35
183 35
184 35
185 35
186 35
187 35
188 35
189 33
190 34
191 34
192 34
193 33
194 33
195 34
196 35
197 35
198 35
199 35
200 35
201 35
202 36
203 36
204 35
205 34
206 34
207 34
208 34
209 34
210 34
211 34
212 34
213 34
214 34
215 34
216 35
217 35
218 35
219 35
220 35
221 35
222 35
223 35
224 35
225 34
226 35
227 35
228 35
229 35
230 35
231 35
232 35
233 35
234 35
235 35
236 35
237 36
238 36
239 35
240 36
241 36
242 36
243 35
244 35
245 36
246 36
247 36
248 35
249 35
250 33
251 34
252 34
253 34
254 34
255 34
256 34
257 34
258 34
259 35
260 35
261 35
262 35
263 35
264 35
265 35
266 35
267 35
268 35
269 35
270 35
271 36
272 35
273 35
274 35
275 35
276 35
277 35
278 35
279 35
280 35
281 36
282 35
283 35
284 36
285 36
286 35
287 36
288 36
289 36
290 36
291 36
292 36
293 36
294 36
295 36
296 36
297 36
298 36
299 36
300 36
301 37
302 36
