0 58
1 55
2 54
3 53
4 52
5 51
6 50
7 49
8 48
9 48
10 47
11 47
12 46
13 45
14 45
15 44
16 44
17 44
18 44
19 44
20 44
21 42
22 41
23 40
24 40
25 40
26 41
27 41
28 40
29 37
30 36
31 37
32 36
33 36
34 37
35 37
36 37
37 37
38 37
39 37
40 38
41 38
42 38
43 38
44 38
45 39
46 39
47 40
48 40
49 40
50 40
51 41
52 40
53 41
54 40
55 41
56 39
57 38
58 39
59 38
60 39
61 39
62 39
63 40
64 40
65 40
66 40
67 41
68 41
69 41
70 41
71 41
72 41
73 41
74 41
75 41
76 41
77 40
78 40
79 41
80 41
81 41
82 41
83 41
84 41
85 42
86 41
87 41
88 41
89 41
90 42
91 43
92 43
93 43
94 43
95 43
96 43
97 43
98 43
99 42
100 42
101 42
102 43
103 42
104 42
105 42
106 42
107 40
108 39
109 39
110 39
111 39
112 39
113 39
114 39
115 37
116 35
117 35
118 35
119 36
120 36
121 37
122 38
123 39
124 40
125 40
126 41
127 41
128 41
129 41
130 41
131 41
132 41
133 41
134 41
135 41
136 41
137 41
138 42
139 42
140 42
141 42
142 42
143 42
144 42
145 42
146 42
147 42
148 42
149 41
150 40
151 40
152 41
153 41
154 41
155 41
156 41
157 42
158 40
159 38
160 36
161 37
162 37
163 38
164 38
165 39
166 39
167 39
168 39
169 39
170 39
171 40
172 39
173 39
174 40
175 40
176 41
177 41
178 41
179 41
180 42
181 42
182 42
183 42
184 42
185 42
186 42
187 42
188 42
189 42
190 43
191 42
192 42
193 42
194 42
195 42
196 42
197 42
198 42
199 42
200 41
201 40
202 40
203 39
204 36
205 37
206 36
207 35
208 36
209 36
210 37
211 37
212 37
213 37
214 38
215 39
216 39
217 39
218 40
219 41
220 40
221 41
222 41
223 40
224 39
225 39
226 40
227 40
228 40
229 40
230 40
231 40
232 40
233 40
234 40
235 40
236 40
237 40
238 41
239 41
240 41
241 42
242 41
243 42
244 42
245 43
246 43
247 43
248 43
249 43
250 43
251 42
252 42
253 40
254 40
255 40
256 40
257 40
258 38
259 36
260 37
261 36
262 37
263 37
264 38
265 38
266 39
267 39
268 39
269 39
270 40
271 40
272 40
273 40
274 39
275 39
276 40
277 40
278 41
279 41
280 41
281 41
282 42
283 41
284 41
285 42
286 42
287 42
288 42
289 42
290 42
291 42
292 41
293 42
294 42
295 42
296 43
297 43
298 43
299 43
300 43
301 42
302 42
303 43
304 42
305 42
306 43
307 43
308 43
309 43
310 43
311 43
312 43
313 43
314 43
315 43
316 43
317 43
318 43
319 44
320 43
321 43
322 44
323 44
324 44
325 44
326 44
327 44
328 44
329 43
330 43
331 43
332 43
333 43
334 43
335 43
336 44
337 45
338 44
339 43
340 42
341 42
342 41
343 38
344 38
345 37
346 36
347 35
348 36
349 35
350 36
351 36
352 37
353 37
354 37
355 36
356 37
357 37
358 39
359 39
360 39
361 40
362 40
363 40
364 40
365 41
366 41
367 41
368 41
369 42
370 42
371 42
372 42
373 41
374 42
375 42
376 42
377 42
378 42
379 42
380 43
381 43
382 43
383 42
384 43
385 43
386 42
387 42
388 42
389 42
390 42
391 42
392 42
393 42
394 42
395 42
396 41
397 42
398 42
399 42
400 42
401 40
402 41
403 40
404 40
405 38
406 39
407 39
408 39
409 40
410 39
411 39
412 37
413 35
414 36
415 37
416 38
417 39
418 39
419 40
420 41
421 42
422 42
423 43
424 43
425 43
426 43
427 43
428 43
429 42
430 43
431 44
432 44
433 45
434 43
435 44
436 43
437 44
438 44
439 43
440 44
441 43
442 43
443 43
444 43
445 43
446 43
447 43
448 43
449 42
450 41
451 42
452 42
453 42
454 42
455 42
456 41
457 42
458 42
459 42
460 42
461 43
462 42
463 42
464 43
465 44
466 43
467 43
468 43
469 43
470 44
471 44
472 42
473 43
474 43
475 43
476 44
477 44
478 44
479 43
480 43
481 43
482 43
483 43
484 43
485 43
486 43
487 43
488 43
489 44
490 44
491 44
492 44
493 43
494 44
495 43
496 44
497 42
498 39
499 39
500 38
501 37
502 38
503 39
504 39
505 39
506 39
507 39
508 40
509 40
510 41
511 42
512 42
513 42
514 42
515 42
516 42
517 42
518 42
519 42
520 43
521 42
522 42
523 42
524 41
525 42
526 42
527 42
528 42
529 42
530 42
531 42
532 42
533 43
534 44
535 44
536 44
537 44
538 44
539 44
540 44
541 44
542 44
543 41
544 38
545 37
546 36
547 34
548 33
549 32
550 31
551 29
552 27
553 27
554 29
555 31
556 32
557 34
558 35
559 37
560 38
561 39
562 39
563 39
564 40
565 40
566 41
567 41
568 42
569 42
570 42
571 42
572 42
573 42
574 41
575 41
576 42
577 42
578 42
579 43
580 42
581 42
582 42
583 42
584 43
585 43
586 43
587 42
588 43
589 43
590 43
591 43
592 43
593 43
594 43
595 43
596 42
597 43
598 43
599 43
600 43
601 43
602 43
603 43
604 43
605 43
606 43
607 43
608 42
609 43
610 43
611 42
612 42
613 43
614 43
615 43
616 42
617 41
618 41
619 41
620 39
621 39
622 38
623 38
624 39
625 37
626 36
627 36
628 35
629 35
630 36
631 36
632 36
633 37
634 37
635 37
636 36
637 37
638 37
639 38
640 39
641 40
642 40
643 40
644 40
645 40
646 40
647 40
648 41
649 41
650 40
651 41
652 41
653 41
654 42
655 42
656 42
657 42
658 42
659 42
660 43
661 43
662 43
663 43
664 44
665 44
666 44
667 44
668 44
669 44
670 44
671 44
672 44
673 43
674 41
675 41
676 40
677 41
678 42
679 42
680 41
681 42
682 40
683 38
684 37
685 36
686 34
687 34
688 34
689 33
690 31
691 33
692 34
693 35
694 36
695 36
696 37
697 38
698 39
699 40
700 40
701 40
702 40
703 40
704 40
705 40
706 40
707 41
708 41
709 41
710 41
711 41
712 41
713 41
714 41
715 41
716 41
717 42
718 42
719 41
720 41
721 41
722 41
723 42
724 41
725 41
726 42
727 42
728 42
729 41
730 42
731 41
732 41
733 42
734 40
735 40
736 41
737 40
738 41
739 41
740 41
741 42
742 42
743 41
744 41
745 42
746 41
747 40
748 40
749 41
750 41
751 41
752 42
753 42
754 42
755 42
756 42
757 42
758 42
759 42
760 42
761 42
762 43
763 43
764 43
765 43
766 43
767 43
768 43
769 43
770 41
771 41
772 41
773 40
774 37
775 37
776 36
777 35
778 36
779 37
780 37
781 37
782 38
783 39
784 39
785 39
786 39
787 39
788 40
789 41
790 40
791 41
792 41
793 40
794 41
795 41
796 41
797 41
798 41
799 41
800 41
801 41
802 42
803 42
804 41
805 42
806 41
807 42
808 42
809 42
810 41
811 42
812 42
813 41
814 42
815 42
816 42
817 42
818 41
819 41
820 42
821 42
822 42
823 42
824 42
825 42
826 42
827 42
828 41
829 42
830 41
831 42
832 41
833 42
834 42
835 42
836 42
837 42
838 42
839 41
840 41
841 41
842 40
843 39
844 39
845 39
846 40
847 39
848 39
849 37
850 35
851 35
852 36
853 37
854 38
855 39
856 40
857 40
858 41
859 41
860 42
861 43
862 43
863 42
864 43
865 42
866 43
867 43
868 43
869 43
870 44
871 43
872 43
873 43
874 43
875 43
876 42
877 43
878 43
879 43
880 42
881 42
882 42
883 42
884 42
885 43
886 41
887 40
888 39
889 39
890 40
891 41
892 41
893 41
894 42
895 42
896 42
897 42
898 42
899 42
900 43
901 44
902 44
903 44
904 44
905 44
906 44
907 44
908 44
909 44
910 44
911 44
912 44
913 44
914 43
915 44
916 43
917 43
918 43
919 43
920 44
921 44
922 43
923 42
924 42
925 42
926 40
927 38
928 36
929 38
930 37
931 38
932 38
933 38
934 39
935 39
936 39
937 39
938 39
939 39
940 39
941 40
942 41
943 41
944 42
945 42
946 42
947 40
948 40
949 40
950 40
951 40
952 41
953 41
954 41
955 40
956 40
957 41
958 41
959 41
960 41
961 42
962 42
963 42
964 42
965 42
966 41
967 42
968 42
969 42
970 43
971 44
972 44
973 44
974 43
975 43
976 42
977 42
978 42
979 42
980 41
981 40
982 40
983 40
984 40
985 40
986 40
987 38
988 36
989 36
990 36
991 37
992 38
993 39
994 40
995 40
996 40
997 40
998 40
999 41
1000 41
1001 41
1002 41
1003 42
1004 42
1005 43
1006 43
1007 43
1008 43
1009 43
1010 42
1011 42
1012 42
1013 43
1014 43
1015 43
1016 43
1017 43
1018 43
1019 43
1020 43
1021 43
1022 43
1023 43
1024 42
1025 42
1026 42
1027 42
1028 42
1029 42
1030 42
1031 42
1032 42
1033 42
1034 41
1035 41
1036 42
1037 42
1038 42
1039 42
1040 43
1041 43
1042 42
1043 42
1044 42
1045 42
1046 42
1047 42
1048 42
1049 42
1050 42
1051 43
1052 43
1053 43
1054 42
1055 42
1056 43
1057 44
1058 44
1059 44
1060 43
1061 43
1062 43
1063 43
1064 43
1065 43
1066 43
1067 43
1068 42
1069 42
1070 43
1071 43
1072 43
1073 44
1074 44
1075 45
1076 45
1077 44
1078 43
1079 43
1080 43
1081 40
1082 40
1083 39
1084 39
1085 38
1086 37
1087 36
1088 38
1089 38
1090 39
1091 39
1092 39
1093 39
1094 39
1095 40
1096 41
1097 41
1098 41
1099 41
1100 40
1101 40
1102 40
1103 40
1104 41
1105 41
1106 41
1107 41
1108 42
1109 42
1110 41
1111 42
1112 42
1113 42
1114 42
1115 42
1116 42
1117 42
1118 42
1119 42
1120 42
1121 43
1122 43
1123 43
1124 43
1125 43
1126 43
1127 43
1128 42
1129 42
1130 41
1131 41
1132 42
1133 40
1134 40
1135 40
1136 40
1137 40
1138 40
1139 39
1140 37
1141 35
1142 36
1143 35
1144 37
1145 37
1146 38
1147 37
1148 37
1149 35
1150 36
1151 38
1152 39
1153 39
1154 39
1155 40
1156 39
1157 39
1158 39
1159 39
1160 40
1161 40
1162 39
1163 40
1164 40
1165 40
1166 41
1167 41
1168 41
1169 41
1170 41
1171 40
1172 40
1173 41
1174 41
1175 41
1176 42
1177 42
1178 41
1179 42
1180 42
1181 42
1182 42
1183 42
1184 42
1185 41
1186 42
1187 41
1188 41
1189 42
1190 42
1191 42
1192 41
1193 41
1194 41
1195 42
1196 42
1197 43
1198 43
1199 42
1200 43
1201 43
1202 43
1203 43
1204 43
1205 41
1206 42
1207 42
1208 42
1209 42
1210 42
1211 42
1212 42
1213 43
1214 42
1215 42
1216 42
1217 42
1218 42
1219 42
1220 41
1221 41
1222 42
1223 42
1224 42
1225 42
1226 43
1227 43
1228 43
1229 42
1230 42
1231 43
1232 43
1233 43
1234 42
1235 42
1236 43
1237 43
1238 43
1239 43
1240 44
1241 44
1242 44
1243 43
1244 43
1245 43
1246 44
1247 43
1248 43
1249 44
1250 44
1251 44
1252 44
1253 44
1254 43
1255 43
1256 43
1257 42
1258 42
1259 40
1260 41
1261 41
1262 38
1263 39
1264 39
1265 39
1266 39
1267 40
1268 41
1269 40
1270 39
1271 40
1272 40
1273 41
1274 41
1275 40
1276 39
1277 38
1278 38
1279 39
1280 40
1281 41
1282 41
1283 42
1284 42
1285 42
1286 42
1287 41
1288 41
1289 41
1290 41
1291 41
1292 41
1293 41
1294 41
1295 41
1296 41
1297 42
1298 42
1299 41
1300 41
1301 41
1302 42
1303 43
1304 43
1305 42
1306 42
1307 42
1308 42
1309 41
1310 42
1311 42
1312 42
1313 42
1314 42
1315 43
1316 43
1317 43
1318 43
1319 43
1320 43
1321 43
1322 42
1323 42
1324 42
1325 42
1326 42
1327 40
1328 41
1329 41
1330 41
1331 41
1332 41
1333 40
1334 40
1335 37
1336 36
1337 36
1338 36
1339 37
1340 39
1341 40
1342 40
1343 40
1344 40
1345 41
1346 41
1347 41
1348 42
1349 43
1350 43
1351 42
1352 40
1353 41
1354 40
1355 41
1356 41
1357 41
1358 41
1359 41
1360 41
1361 41
1362 41
1363 41
1364 41
1365 41
1366 42
1367 42
1368 41
1369 42
1370 42
1371 42
1372 41
1373 41
1374 41
1375 42
1376 42
1377 42
1378 43
1379 42
1380 42
1381 42
1382 42
1383 42
1384 43
1385 43
1386 42
1387 42
1388 42
1389 42
1390 42
1391 42
1392 43
1393 43
1394 43
1395 42
1396 43
1397 43
1398 43
1399 43
1400 43
1401 41
1402 42
1403 42
1404 42
1405 41
1406 42
1407 42
1408 41
1409 42
1410 42
1411 42
1412 42
1413 40
1414 41
1415 41
1416 41
1417 42
1418 42
1419 40
1420 39
1421 39
1422 39
1423 39
1424 38
1425 38
1426 36
1427 35
1428 34
1429 35
1430 35
1431 36
1432 37
1433 37
1434 38
1435 38
1436 38
1437 39
1438 39
1439 40
1440 40
1441 40
1442 40
1443 40
1444 41
1445 40
1446 40
1447 41
1448 41
1449 41
1450 42
1451 42
1452 41
1453 41
1454 41
1455 42
1456 42
1457 42
1458 42
1459 43
1460 43
1461 42
1462 43
1463 43
1464 42
1465 42
1466 41
1467 42
1468 42
1469 42
1470 42
1471 42
1472 42
1473 42
1474 42
1475 42
1476 42
1477 42
1478 42
1479 43
1480 42
1481 42
1482 42
1483 42
1484 41
1485 41
1486 42
1487 42
1488 42
1489 42
1490 43
1491 42
1492 42
1493 42
1494 43
1495 43
1496 43
1497 43
1498 43
1499 43
1500 43
1501 43
1502 43
1503 43
1504 43
1505 43
1506 42
1507 42
1508 42
1509 40
1510 40
1511 40
1512 40
1513 40
1514 39
1515 37
1516 36
1517 36
1518 36
1519 37
1520 38
1521 39
1522 40
1523 41
1524 41
1525 41
1526 41
1527 42
1528 42
1529 42
1530 43
1531 43
1532 44
1533 43
1534 43
1535 43
1536 41
1537 42
1538 42
1539 42
1540 42
1541 41
1542 42
1543 41
1544 42
1545 42
1546 42
1547 42
1548 42
1549 43
1550 43
1551 42
1552 42
1553 42
1554 41
1555 41
1556 41
1557 41
1558 41
1559 41
1560 42
1561 42
1562 43
1563 43
1564 43
1565 43
1566 43
1567 43
1568 43
1569 43
1570 43
1571 43
1572 43
1573 44
1574 44
1575 44
1576 44
1577 44
1578 43
1579 43
1580 43
1581 43
1582 44
1583 44
1584 44
1585 45
1586 44
1587 43
1588 42
1589 41
1590 41
1591 40
1592 37
1593 36
1594 36
1595 35
1596 36
1597 37
1598 38
1599 38
1600 38
1601 39
1602 39
1603 39
1604 39
1605 40
1606 40
1607 40
1608 40
1609 40
1610 39
1611 40
1612 40
1613 41
1614 41
1615 41
1616 41
1617 41
1618 41
1619 41
1620 41
1621 41
1622 42
1623 42
1624 42
1625 42
1626 42
1627 42
1628 42
1629 42
1630 42
1631 42
1632 42
1633 42
1634 42
1635 42
1636 42
1637 42
1638 42
1639 42
1640 42
1641 41
