0 50
1 50
2 49
3 49
4 50
5 51
6 51
7 51
8 50
9 50
10 50
11 50
12 51
13 51
14 51
15 50
16 50
17 50
18 51
19 51
20 51
21 51
22 49
23 49
24 49
25 50
26 50
27 50
28 50
29 49
30 49
31 49
32 49
33 48
34 47
35 48
36 48
37 48
38 48
39 48
40 47
41 47
42 47
43 45
44 45
45 45
46 45
47 45
48 45
49 44
50 44
51 44
52 44
53 44
54 44
55 43
56 43
57 43
58 44
59 43
60 43
61 43
62 43
63 43
64 43
65 43
66 43
67 44
68 43
69 44
70 44
71 44
72 45
73 44
74 45
75 46
76 47
77 46
78 46
79 47
80 47
81 47
82 47
83 47
84 47
85 46
86 46
87 46
88 46
89 47
90 47
91 47
92 47
93 48
94 47
95 47
96 47
97 47
98 46
99 45
100 45
101 45
102 46
103 46
104 46
105 47
106 47
107 47
108 47
109 47
110 47
111 47
112 47
113 46
114 47
115 47
116 47
117 48
118 48
119 49
120 48
121 48
122 47
123 47
124 47
125 47
126 47
127 47
128 47
129 47
130 47
131 46
132 47
133 47
134 47
135 48
136 49
137 50
138 51
139 52
140 51
141 51
142 51
143 51
144 50
145 50
146 49
147 49
148 49
149 48
150 48
151 48
152 47
153 47
154 45
155 46
156 46
157 45
158 46
159 45
160 44
161 44
162 44
163 45
164 45
165 45
166 46
167 43
168 42
169 43
170 43
171 43
172 44
173 44
174 44
175 45
176 44
177 45
178 45
179 45
180 45
181 46
182 47
183 47
184 47
185 47
186 48
187 48
188 46
189 46
190 47
191 47
192 47
193 47
194 47
195 48
196 47
197 47
198 47
199 45
200 44
201 44
202 45
203 46
204 46
205 47
206 47
207 47
208 48
209 49
210 50
211 51
212 52
213 52
214 53
215 53
216 51
217 52
218 51
219 50
220 50
221 50
222 49
223 50
224 49
225 49
226 49
227 48
228 47
229 47
230 47
231 47
232 47
233 47
234 47
235 47
236 46
237 46
238 46
239 46
240 46
241 46
242 46
243 46
244 47
245 47
246 48
247 49
248 48
249 48
250 48
251 48
252 48
253 48
254 48
255 48
256 49
257 49
258 49
259 49
260 49
261 49
262 50
263 49
264 49
265 49
266 49
267 49
268 48
269 48
270 48
271 48
272 47
273 47
274 47
275 47
276 47
277 46
278 46
279 46
280 46
281 46
282 47
283 46
284 47
285 47
286 47
287 47
288 46
289 47
290 47
291 47
292 47
293 47
294 47
295 47
296 47
297 46
298 46
299 46
300 45
301 46
302 47
303 47
304 47
305 47
306 46
307 46
308 46
309 46
310 46
311 47
312 46
313 46
314 46
315 46
316 46
317 46
318 47
319 45
320 46
321 46
322 46
323 47
324 47
325 47
326 48
327 48
328 48
329 47
330 46
331 47
332 47
333 46
334 46
335 46
336 45
337 46
338 45
339 45
340 46
341 46
342 46
343 45
344 45
345 45
346 45
347 46
348 47
349 47
350 47
351 47
352 47
353 48
354 47
355 47
356 47
357 47
358 48
359 47
360 48
361 48
362 48
363 49
364 49
365 49
366 48
367 47
368 48
369 48
370 48
371 47
372 48
373 48
374 47
375 47
376 47
377 47
378 47
379 46
380 46
381 46
382 46
383 46
384 46
385 46
386 46
387 48
388 47
389 48
390 48
391 48
392 47
393 47
394 47
395 48
396 48
397 48
398 48
399 47
400 47
401 48
402 47
403 47
404 46
405 46
406 46
407 46
408 46
409 46
410 46
411 47
412 47
413 47
414 48
415 47
416 47
417 47
418 47
419 46
420 47
421 48
422 47
423 47
424 47
425 46
426 46
427 47
428 47
429 47
430 47
431 47
432 46
433 46
434 46
435 46
436 47
437 47
438 47
439 47
440 47
441 46
442 47
443 47
444 47
445 47
446 46
447 47
448 47
449 47
450 47
451 48
452 48
453 48
454 48
455 48
456 48
457 48
458 49
459 49
460 50
461 51
462 51
463 51
464 52
465 52
466 51
467 51
468 50
469 50
470 50
471 49
472 49
473 49
474 49
475 49
476 49
477 49
478 49
479 49
480 48
481 48
482 49
483 49
484 50
485 51
486 51
487 51
488 51
489 51
490 51
491 51
492 51
493 51
494 52
495 53
496 53
497 53
498 53
499 53
500 52
501 52
502 52
503 51
504 51
505 51
506 50
507 50
508 49
509 49
510 50
511 50
512 50
513 50
514 50
515 50
516 50
517 50
518 50
519 50
520 50
521 51
522 52
523 53
524 53
525 54
526 54
527 54
528 55
529 55
530 55
531 55
532 55
533 56
534 55
535 54
536 54
537 54
538 53
539 53
540 54
541 55
542 55
543 55
544 55
545 56
546 56
547 56
548 57
549 56
550 57
551 57
552 57
553 57
554 57
555 58
556 57
557 57
558 57
559 57
560 58
561 58
562 58
563 57
564 58
565 58
566 57
567 57
568 57
569 57
570 57
571 57
572 58
573 58
574 58
575 58
576 58
577 58
578 58
579 57
580 57
581 57
582 56
583 55
584 55
585 54
586 54
587 54
588 54
589 55
590 55
591 55
592 56
593 56
594 56
595 57
596 57
597 57
598 57
599 58
600 58
601 58
602 58
603 58
604 58
605 58
606 56
607 56
608 56
609 55
610 55
611 54
612 54
613 53
614 52
615 52
616 52
617 52
618 52
619 53
620 53
621 53
622 54
623 54
624 53
625 53
626 53
627 53
628 52
629 53
630 53
631 54
632 54
633 55
634 53
635 53
636 53
637 53
638 52
639 53
640 53
641 54
642 54
643 55
644 55
645 56
646 56
647 56
648 56
649 57
650 57
651 57
652 57
653 57
654 57
655 57
656 57
657 57
658 57
659 57
660 57
661 57
662 58
663 58
664 58
665 58
666 58
667 58
668 58
669 58
670 58
671 58
672 57
673 58
674 58
675 58
676 58
677 58
678 58
679 58
680 58
681 58
682 58
683 58
684 58
685 58
686 58
687 58
688 58
689 58
690 58
691 58
692 58
693 58
694 58
695 58
696 58
697 58
698 58
699 58
700 58
701 58
702 58
703 58
704 58
705 58
706 58
707 58
708 57
709 58
710 58
711 58
712 58
713 58
714 58
715 58
716 58
717 58
718 58
719 58
720 58
721 57
722 58
723 58
724 58
725 58
726 58
727 57
728 57
729 58
730 58
731 58
732 58
733 58
734 58
735 58
736 58
737 58
738 58
739 58
740 58
741 58
742 58
743 58
744 58
745 58
746 56
747 56
748 55
749 55
750 54
751 54
752 54
753 54
754 54
755 55
756 55
757 55
758 56
759 56
760 56
761 57
762 57
763 57
764 58
765 58
766 58
767 58
768 58
769 58
770 58
771 58
772 58
773 58
774 58
775 58
776 58
777 58
778 58
779 58
780 58
781 57
782 58
783 58
784 58
785 58
786 58
787 58
788 58
789 58
790 58
791 58
792 58
793 58
794 58
795 58
796 58
797 58
798 58
799 58
800 58
801 58
802 58
803 58
804 58
805 57
806 58
807 58
808 58
809 58
810 58
811 58
812 58
813 58
814 58
815 58
816 58
817 57
818 57
819 57
820 58
821 58
822 58
823 58
824 58
825 58
826 58
827 58
828 58
829 58
830 58
831 58
832 58
833 58
834 58
835 58
836 58
837 58
838 58
839 58
840 58
841 58
842 58
843 58
844 58
845 58
846 58
847 58
848 58
849 58
850 58
851 58
852 58
853 58
854 58
855 58
856 58
857 58
858 58
859 58
860 58
861 58
862 58
863 58
864 58
865 58
866 58
867 58
868 58
869 58
870 58
871 58
872 58
873 58
874 58
875 58
876 58
877 58
878 58
879 58
880 58
881 58
882 58
883 58
884 58
885 58
886 58
887 58
888 58
889 58
890 58
891 58
892 58
893 58
894 58
895 58
896 58
897 58
898 58
899 58
900 58
901 57
902 57
903 57
904 58
905 58
906 58
907 58
908 58
909 58
910 58
911 58
912 58
913 58
914 58
915 58
916 58
917 58
918 58
919 58
920 58
921 58
922 58
923 58
924 56
925 56
926 55
927 54
928 54
929 54
930 54
931 55
932 54
933 55
934 54
935 54
936 54
937 54
938 53
939 53
940 52
941 53
942 54
943 54
944 55
945 55
946 55
947 56
948 56
949 57
950 57
951 57
952 57
953 57
954 57
955 58
956 58
957 58
958 58
959 58
960 58
961 58
962 58
963 58
964 58
965 58
966 58
967 58
968 58
969 58
970 58
971 58
972 58
973 58
974 58
975 58
976 58
977 58
978 58
979 58
980 56
981 57
982 57
983 57
984 57
985 58
986 58
987 58
988 58
989 58
990 58
991 58
992 58
993 58
994 59
995 59
996 59
997 59
998 59
999 58
1000 58
1001 58
1002 58
1003 58
1004 58
1005 58
1006 58
1007 58
1008 58
1009 58
1010 58
1011 58
1012 58
1013 58
1014 58
1015 58
1016 58
1017 58
1018 58
1019 58
1020 58
1021 58
1022 58
1023 58
1024 58
1025 58
1026 58
1027 58
1028 58
1029 58
1030 58
1031 58
1032 58
1033 58
1034 58
1035 58
1036 58
1037 58
1038 58
1039 58
1040 58
1041 58
1042 58
1043 58
1044 58
1045 58
1046 58
1047 58
1048 58
1049 58
1050 58
1051 58
1052 58
1053 58
1054 58
1055 58
1056 58
1057 58
1058 58
1059 58
1060 58
1061 58
1062 58
1063 58
1064 58
1065 58
1066 58
1067 58
1068 58
1069 58
1070 58
1071 58
1072 57
1073 58
1074 57
1075 57
1076 57
1077 57
1078 58
1079 58
1080 58
1081 58
1082 58
1083 58
1084 58
1085 58
1086 58
1087 58
1088 58
1089 58
1090 58
1091 58
1092 58
1093 58
1094 58
1095 58
1096 58
1097 58
1098 58
1099 58
1100 58
1101 58
1102 58
1103 58
1104 58
1105 58
1106 58
1107 58
1108 58
1109 58
1110 58
1111 58
1112 58
1113 58
1114 58
1115 58
1116 58
1117 58
1118 58
1119 58
1120 58
1121 57
1122 58
1123 58
1124 58
1125 58
1126 58
1127 58
1128 58
1129 58
1130 58
1131 58
1132 58
1133 58
1134 58
1135 58
1136 58
1137 58
1138 58
1139 58
1140 58
1141 58
1142 58
1143 58
1144 58
1145 58
1146 58
1147 58
1148 58
1149 58
1150 58
1151 58
1152 58
1153 58
1154 58
1155 58
1156 58
1157 58
1158 58
1159 58
1160 58
1161 58
1162 58
1163 58
1164 58
1165 58
1166 58
1167 58
1168 58
1169 58
1170 57
1171 58
1172 58
1173 58
1174 58
1175 58
1176 58
1177 58
1178 58
1179 58
1180 58
1181 58
1182 58
1183 58
1184 58
1185 58
1186 58
1187 58
1188 58
1189 57
1190 57
1191 57
1192 58
1193 58
1194 58
1195 58
1196 58
1197 58
1198 58
1199 58
1200 58
1201 58
1202 58
1203 58
1204 58
1205 58
1206 58
1207 58
1208 58
1209 58
1210 58
1211 58
1212 58
1213 58
1214 58
1215 58
1216 58
1217 58
1218 58
1219 57
1220 58
1221 58
1222 58
1223 58
1224 58
1225 58
1226 58
1227 58
1228 58
1229 58
1230 58
1231 58
1232 58
1233 58
1234 58
1235 58
1236 58
1237 58
1238 58
1239 57
1240 57
1241 57
1242 57
1243 57
1244 57
1245 57
1246 58
1247 58
1248 58
1249 58
1250 57
1251 57
1252 58
1253 58
1254 58
1255 58
1256 58
1257 58
1258 58
1259 58
1260 59
1261 59
1262 59
1263 59
1264 58
1265 58
1266 58
1267 58
1268 58
1269 58
1270 58
1271 58
1272 56
1273 56
1274 55
1275 55
1276 55
1277 55
1278 54
1279 54
1280 55
1281 54
1282 55
1283 55
1284 56
1285 56
1286 55
1287 54
1288 54
1289 54
1290 54
1291 53
1292 53
1293 54
1294 54
1295 53
1296 53
1297 53
1298 53
1299 53
1300 53
1301 53
1302 53
1303 53
1304 54
1305 54
1306 55
1307 55
1308 56
1309 56
1310 56
1311 57
1312 57
1313 57
1314 57
1315 57
1316 58
1317 58
1318 58
1319 58
1320 58
1321 58
1322 58
1323 58
1324 58
1325 58
1326 58
1327 58
1328 58
1329 58
1330 58
1331 58
1332 58
1333 58
1334 58
1335 58
1336 58
1337 58
1338 58
1339 58
1340 58
1341 58
1342 58
1343 58
1344 58
1345 58
1346 58
1347 58
1348 58
1349 58
1350 58
1351 58
1352 58
1353 58
1354 58
1355 58
1356 58
1357 58
1358 58
1359 58
1360 58
1361 58
1362 58
1363 57
1364 58
1365 58
1366 58
1367 58
1368 58
1369 58
1370 58
1371 58
1372 58
1373 58
1374 58
1375 57
1376 58
1377 58
1378 58
1379 58
1380 58
1381 58
1382 58
1383 58
1384 58
1385 58
1386 58
1387 58
1388 58
1389 58
1390 58
1391 58
1392 58
1393 58
1394 58
1395 58
1396 58
1397 58
1398 58
1399 58
1400 58
1401 58
1402 58
1403 58
1404 58
1405 58
1406 58
1407 58
1408 58
1409 58
1410 58
1411 58
1412 58
1413 58
1414 58
1415 58
1416 58
1417 58
1418 58
1419 58
1420 58
1421 58
1422 57
1423 57
1424 57
1425 57
1426 58
1427 58
1428 58
1429 58
1430 58
1431 58
1432 58
1433 58
1434 58
1435 58
1436 58
1437 58
1438 58
1439 58
1440 58
1441 58
1442 58
1443 58
1444 58
1445 58
1446 58
1447 58
1448 58
1449 58
1450 58
1451 58
1452 58
1453 58
1454 58
1455 58
1456 58
1457 58
1458 58
1459 58
1460 58
1461 58
1462 58
1463 58
1464 58
1465 58
1466 58
1467 58
1468 58
1469 58
1470 58
1471 58
1472 58
1473 57
1474 58
1475 58
1476 58
1477 58
1478 58
1479 58
1480 58
1481 58
1482 58
1483 58
1484 58
1485 58
1486 58
1487 58
1488 58
1489 58
1490 58
1491 58
1492 58
1493 58
1494 58
1495 58
1496 58
1497 58
1498 58
1499 58
1500 58
1501 58
1502 58
1503 58
1504 58
1505 58
1506 58
1507 58
1508 58
1509 58
1510 58
1511 58
1512 58
1513 58
1514 58
1515 58
1516 58
1517 58
1518 58
1519 58
1520 58
1521 58
1522 57
1523 57
1524 58
1525 58
1526 58
1527 58
1528 58
1529 58
1530 58
1531 58
1532 58
1533 58
1534 58
1535 58
1536 58
1537 58
1538 58
1539 58
1540 58
1541 58
1542 58
1543 58
1544 58
1545 58
1546 58
1547 58
1548 58
1549 58
1550 58
1551 58
1552 58
1553 58
1554 58
1555 58
1556 58
1557 58
1558 58
1559 58
1560 58
1561 57
1562 57
1563 56
1564 57
1565 55
1566 55
1567 54
1568 54
1569 54
1570 55
1571 55
1572 55
1573 55
1574 55
1575 56
1576 56
1577 56
1578 56
1579 57
1580 57
1581 57
1582 57
1583 58
1584 58
1585 57
1586 57
1587 58
1588 57
1589 58
1590 58
1591 58
1592 58
1593 58
1594 58
1595 58
1596 58
1597 57
1598 57
1599 58
1600 58
1601 58
1602 58
1603 58
1604 58
1605 59
1606 59
1607 58
1608 58
1609 58
1610 58
1611 58
1612 58
1613 58
1614 58
1615 58
1616 58
1617 58
1618 58
1619 58
1620 58
1621 58
1622 58
1623 58
1624 58
1625 58
1626 58
1627 58
1628 58
1629 58
1630 58
1631 57
1632 58
1633 58
1634 58
1635 58
1636 58
1637 58
1638 58
1639 58
1640 58
1641 58
1642 58
1643 58
1644 58
1645 58
1646 58
1647 58
1648 58
1649 58
1650 58
1651 58
1652 58
1653 58
1654 58
1655 58
1656 58
1657 58
1658 58
1659 58
1660 58
1661 58
1662 58
1663 58
1664 58
1665 58
1666 58
1667 58
1668 58
1669 58
1670 58
1671 58
1672 58
1673 58
1674 58
1675 58
1676 56
1677 56
1678 55
1679 55
1680 55
1681 54
1682 54
1683 54
1684 54
1685 55
1686 55
1687 56
1688 56
1689 56
1690 57
1691 57
1692 57
1693 57
1694 57
1695 58
1696 58
1697 58
1698 58
1699 58
1700 58
1701 58
1702 58
1703 58
1704 57
1705 58
1706 58
1707 58
1708 58
1709 58
1710 58
1711 58
1712 58
1713 58
1714 58
1715 58
1716 58
1717 58
1718 58
1719 58
1720 58
1721 58
1722 58
1723 58
1724 58
1725 58
1726 58
1727 58
1728 58
1729 58
1730 58
1731 58
1732 58
1733 58
1734 58
1735 58
1736 58
1737 58
1738 58
1739 58
1740 57
1741 58
1742 58
1743 58
1744 58
1745 58
1746 58
1747 58
1748 58
1749 58
1750 58
1751 58
1752 58
1753 58
1754 58
1755 58
1756 58
1757 58
1758 58
1759 58
1760 58
1761 58
1762 58
1763 58
1764 58
1765 57
1766 57
1767 58
1768 58
1769 58
1770 58
1771 57
1772 57
1773 57
1774 58
1775 58
1776 58
1777 58
1778 58
1779 58
1780 58
1781 58
1782 58
1783 58
1784 58
1785 58
1786 58
1787 58
1788 58
1789 58
1790 58
1791 58
1792 58
1793 58
1794 58
1795 58
1796 58
1797 58
1798 58
1799 58
1800 58
1801 58
1802 58
1803 58
1804 58
1805 58
1806 58
1807 58
1808 58
1809 58
1810 58
1811 58
1812 58
1813 58
1814 58
1815 58
1816 58
1817 58
1818 58
1819 58
1820 58
1821 58
1822 58
1823 58
1824 58
1825 58
1826 58
1827 58
1828 58
1829 58
1830 58
1831 58
1832 58
1833 58
1834 58
1835 58
1836 58
1837 58
1838 57
1839 58
1840 58
1841 58
1842 58
1843 58
1844 58
1845 58
1846 58
1847 58
1848 58
1849 58
1850 57
1851 58
1852 58
1853 58
1854 58
1855 58
1856 58
1857 58
1858 58
1859 58
1860 58
1861 58
1862 58
1863 58
1864 58
1865 58
1866 58
1867 56
1868 57
1869 56
1870 56
1871 55
1872 55
1873 55
1874 54
1875 54
1876 54
1877 54
1878 55
1879 55
1880 56
1881 56
1882 57
1883 57
1884 57
1885 57
1886 57
1887 57
1888 58
1889 58
1890 58
1891 58
1892 58
1893 58
1894 58
1895 58
1896 58
1897 58
1898 57
1899 57
1900 58
1901 58
1902 58
1903 58
1904 58
1905 58
1906 58
1907 58
1908 58
1909 58
1910 58
1911 58
1912 58
1913 58
1914 58
1915 58
1916 58
1917 58
1918 58
1919 58
1920 58
1921 58
1922 58
1923 57
1924 58
1925 58
1926 58
1927 58
1928 58
1929 58
1930 58
1931 58
1932 58
1933 58
1934 58
1935 58
1936 58
1937 58
1938 58
1939 58
1940 58
1941 58
1942 58
1943 58
1944 58
1945 58
1946 57
1947 57
1948 57
1949 58
1950 58
1951 58
1952 58
1953 58
1954 58
1955 58
1956 58
1957 58
1958 58
1959 58
1960 58
1961 58
1962 58
1963 58
1964 58
1965 58
1966 57
1967 57
1968 57
1969 57
1970 56
1971 55
1972 55
1973 54
1974 54
1975 54
1976 53
1977 53
1978 53
1979 53
1980 53
1981 53
1982 52
1983 53
1984 54
1985 53
1986 54
1987 54
1988 55
1989 54
1990 54
1991 54
1992 54
1993 53
1994 53
1995 53
1996 54
1997 55
1998 55
1999 55
2000 56
2001 56
2002 56
2003 57
2004 57
2005 57
2006 57
2007 57
2008 57
2009 57
2010 57
2011 57
2012 57
2013 57
2014 58
2015 57
2016 58
2017 58
2018 57
2019 57
2020 58
2021 58
2022 58
2023 58
2024 58
2025 58
2026 58
2027 58
2028 58
2029 58
2030 58
2031 58
2032 58
2033 58
2034 58
2035 58
2036 58
2037 58
2038 58
2039 58
2040 58
2041 58
2042 57
2043 58
2044 58
2045 58
2046 58
2047 58
2048 58
2049 58
2050 58
2051 58
2052 58
2053 58
2054 58
2055 58
2056 58
2057 58
2058 58
2059 58
2060 58
2061 58
2062 58
2063 58
2064 58
2065 58
2066 58
2067 58
2068 58
2069 58
2070 58
2071 58
2072 58
2073 58
2074 58
2075 58
2076 58
2077 58
2078 58
2079 58
2080 58
2081 58
2082 58
2083 58
2084 58
2085 58
2086 58
2087 58
2088 58
2089 58
2090 58
2091 58
2092 58
2093 58
2094 58
2095 58
2096 58
2097 58
2098 58
2099 58
2100 58
2101 58
2102 58
2103 57
2104 58
2105 58
2106 58
2107 58
2108 58
2109 58
2110 58
2111 58
2112 58
2113 58
2114 58
2115 58
2116 58
2117 58
2118 57
2119 57
2120 57
2121 58
2122 58
2123 58
2124 58
2125 58
2126 58
2127 58
2128 58
2129 58
2130 58
2131 58
2132 58
2133 58
2134 58
2135 58
2136 58
2137 58
2138 58
2139 58
2140 58
2141 58
2142 58
2143 58
2144 58
2145 58
2146 58
2147 58
2148 58
2149 58
2150 58
2151 58
2152 57
2153 58
2154 58
2155 58
2156 58
2157 58
2158 58
2159 58
2160 58
2161 58
2162 58
2163 58
2164 58
2165 58
2166 58
2167 58
2168 58
2169 58
2170 58
2171 58
2172 58
2173 58
2174 58
2175 58
2176 58
2177 58
2178 58
2179 58
2180 58
2181 58
2182 58
2183 58
2184 58
2185 58
2186 58
2187 58
2188 58
2189 58
2190 58
2191 58
2192 58
2193 58
2194 58
2195 58
2196 56
2197 53
2198 50
2199 50
2200 51
2201 51
2202 51
2203 51
2204 51
2205 52
2206 52
2207 52
2208 52
2209 52
2210 52
2211 53
2212 54
2213 54
2214 55
2215 55
2216 56
2217 56
2218 56
2219 57
2220 57
2221 57
2222 57
2223 57
2224 57
2225 57
2226 58
2227 58
2228 58
2229 58
2230 58
2231 58
2232 58
2233 58
2234 58
2235 58
2236 58
2237 58
2238 58
2239 58
2240 58
2241 58
2242 58
2243 58
2244 58
2245 58
2246 57
2247 58
2248 58
2249 58
2250 58
2251 58
2252 58
2253 58
2254 58
2255 58
2256 58
2257 58
2258 58
2259 57
2260 57
2261 58
2262 58
2263 58
2264 58
2265 58
2266 58
2267 58
2268 58
2269 58
2270 58
2271 57
2272 58
2273 58
2274 58
2275 58
2276 58
2277 57
2278 57
2279 58
2280 58
2281 58
2282 58
2283 58
2284 58
2285 58
2286 58
2287 58
2288 58
2289 58
2290 57
2291 58
2292 58
2293 58
2294 58
2295 58
2296 58
2297 58
2298 58
2299 58
2300 58
2301 58
2302 58
2303 58
2304 58
2305 58
2306 58
2307 58
2308 58
2309 58
2310 58
2311 58
2312 58
2313 58
2314 58
2315 58
2316 58
2317 58
2318 58
2319 58
2320 58
2321 58
2322 58
2323 58
2324 58
2325 58
2326 58
2327 58
2328 58
2329 58
2330 58
2331 58
2332 58
2333 58
2334 58
2335 58
2336 58
2337 58
2338 58
2339 58
2340 58
2341 58
2342 58
2343 58
2344 57
2345 58
2346 58
2347 58
2348 58
2349 58
2350 58
2351 58
2352 58
2353 58
2354 58
2355 58
2356 57
2357 58
2358 58
2359 58
2360 58
2361 58
2362 58
2363 58
2364 58
2365 58
2366 58
2367 58
2368 58
2369 58
2370 58
2371 58
2372 58
2373 58
2374 58
2375 58
2376 58
2377 58
2378 58
2379 58
2380 58
2381 58
2382 58
2383 58
2384 58
2385 58
2386 58
2387 58
2388 58
2389 58
2390 58
2391 58
2392 58
2393 58
2394 58
2395 58
2396 58
2397 58
2398 58
2399 58
2400 58
2401 58
2402 58
2403 58
2404 58
2405 57
2406 58
2407 58
2408 58
2409 58
2410 58
2411 58
2412 58
2413 58
2414 58
2415 58
2416 58
2417 58
2418 58
2419 58
2420 58
2421 58
2422 58
2423 58
2424 58
2425 58
2426 58
2427 58
2428 58
2429 58
2430 58
2431 58
2432 58
2433 58
2434 58
2435 58
2436 58
2437 58
2438 58
2439 58
2440 58
2441 58
2442 58
2443 58
2444 58
2445 58
2446 58
2447 58
2448 58
2449 58
2450 58
2451 58
2452 58
2453 58
2454 57
2455 58
2456 58
2457 58
2458 58
2459 58
2460 58
2461 58
2462 58
2463 58
2464 58
2465 57
2466 57
2467 57
2468 58
2469 58
2470 58
2471 58
2472 58
2473 58
2474 58
2475 58
2476 58
2477 58
2478 58
2479 58
2480 58
2481 58
2482 58
2483 58
2484 58
2485 56
2486 55
2487 55
2488 55
2489 53
2490 53
2491 53
2492 53
2493 53
2494 53
2495 51
2496 51
2497 51
2498 51
2499 51
2500 51
2501 52
2502 52
2503 53
2504 53
2505 54
2506 54
2507 54
2508 55
2509 55
2510 56
2511 56
2512 56
2513 57
2514 57
2515 57
2516 57
2517 58
2518 58
2519 58
2520 58
2521 58
2522 58
2523 58
2524 58
2525 58
2526 58
2527 58
2528 58
2529 58
2530 58
2531 58
2532 58
2533 58
2534 58
2535 58
2536 58
2537 58
2538 58
2539 57
2540 58
2541 58
2542 58
2543 58
2544 58
2545 58
2546 58
2547 58
2548 58
2549 58
2550 58
2551 58
2552 58
2553 58
2554 58
2555 58
2556 58
2557 58
2558 58
2559 58
2560 58
2561 57
2562 58
2563 58
2564 58
2565 58
2566 58
2567 58
2568 58
2569 58
2570 58
2571 58
2572 58
2573 58
2574 58
2575 58
2576 58
2577 58
2578 58
2579 58
2580 58
2581 58
2582 58
2583 58
2584 58
2585 58
2586 58
2587 58
2588 58
2589 58
2590 58
2591 58
2592 58
2593 58
2594 58
2595 58
2596 58
2597 58
2598 58
2599 58
2600 58
2601 58
2602 58
2603 58
2604 58
2605 58
2606 58
2607 58
2608 58
2609 58
2610 57
2611 58
2612 58
2613 58
2614 58
2615 58
2616 58
2617 58
2618 58
2619 58
2620 58
2621 58
2622 58
2623 58
2624 58
2625 58
2626 58
2627 58
2628 58
2629 58
2630 58
2631 58
2632 58
2633 58
2634 58
2635 58
2636 58
2637 57
2638 57
2639 57
2640 57
2641 58
2642 58
2643 58
2644 58
2645 58
2646 58
2647 58
2648 58
2649 58
2650 58
2651 58
2652 58
2653 58
2654 58
2655 58
2656 58
2657 58
2658 58
2659 58
2660 58
2661 58
2662 58
2663 58
2664 58
2665 58
2666 58
2667 58
2668 58
2669 58
2670 58
2671 58
2672 58
2673 58
2674 58
2675 58
2676 58
2677 58
2678 58
2679 58
2680 58
2681 58
2682 58
2683 58
2684 58
2685 58
2686 58
2687 58
2688 58
2689 58
2690 58
2691 58
2692 58
2693 58
2694 58
2695 58
2696 58
2697 58
2698 58
2699 58
2700 58
2701 58
2702 58
2703 58
2704 58
2705 58
2706 58
2707 58
2708 57
2709 58
2710 58
2711 58
2712 58
2713 58
2714 56
2715 56
2716 57
2717 57
2718 57
2719 57
2720 57
2721 58
2722 58
2723 58
2724 58
2725 58
2726 58
2727 59
2728 59
2729 59
2730 59
2731 59
2732 59
2733 58
2734 58
2735 58
2736 58
2737 58
2738 58
2739 58
2740 58
2741 58
2742 58
2743 58
2744 58
2745 58
2746 58
2747 58
2748 58
2749 58
2750 58
2751 58
2752 58
2753 58
2754 58
2755 58
2756 58
2757 58
2758 58
2759 58
2760 58
2761 58
2762 58
2763 58
2764 58
2765 58
2766 58
2767 58
2768 58
2769 57
2770 58
2771 58
2772 58
2773 58
2774 58
2775 58
2776 58
2777 58
2778 58
2779 58
2780 58
2781 58
2782 58
2783 57
2784 58
2785 58
2786 58
2787 58
2788 58
2789 58
2790 58
2791 58
2792 58
2793 58
2794 58
2795 58
2796 58
2797 58
2798 58
2799 58
2800 57
2801 57
2802 57
2803 57
2804 57
2805 57
2806 58
2807 58
2808 58
2809 58
2810 58
2811 58
2812 58
2813 58
2814 58
2815 58
2816 58
2817 58
2818 58
2819 58
2820 58
2821 58
2822 58
2823 58
2824 58
2825 58
2826 58
2827 58
2828 58
2829 58
2830 58
2831 58
2832 58
2833 58
2834 58
2835 58
2836 58
2837 58
2838 58
2839 58
2840 58
2841 58
2842 58
2843 58
2844 58
2845 58
2846 58
2847 58
2848 58
2849 58
2850 58
2851 58
2852 58
2853 58
2854 58
2855 58
2856 58
2857 58
2858 58
2859 58
2860 58
2861 58
2862 58
2863 58
2864 58
2865 58
2866 58
2867 57
2868 58
2869 58
2870 58
2871 58
2872 58
2873 58
2874 58
2875 58
2876 58
2877 58
2878 58
2879 58
2880 58
2881 58
2882 58
2883 58
2884 58
2885 58
2886 58
2887 58
2888 58
2889 56
2890 56
2891 56
2892 56
2893 55
2894 55
2895 55
2896 55
2897 54
2898 54
2899 54
2900 55
2901 55
2902 56
2903 56
2904 56
2905 56
2906 57
2907 57
2908 57
2909 57
2910 58
2911 58
2912 58
2913 58
2914 58
2915 57
2916 58
2917 58
2918 58
2919 58
2920 58
2921 58
2922 58
2923 58
2924 58
2925 58
2926 58
2927 57
2928 58
2929 58
2930 58
2931 58
2932 58
2933 58
2934 58
2935 58
2936 58
2937 58
2938 58
2939 58
2940 58
2941 58
2942 58
2943 58
2944 58
2945 58
2946 58
2947 58
2948 58
2949 58
2950 58
2951 58
2952 58
2953 58
2954 58
2955 58
2956 58
2957 58
2958 58
2959 58
2960 58
2961 58
2962 58
2963 58
2964 57
2965 57
2966 58
2967 58
2968 58
2969 58
2970 58
2971 58
2972 58
2973 58
2974 58
2975 58
2976 58
2977 58
2978 58
2979 58
2980 58
2981 58
2982 58
2983 58
2984 58
2985 58
2986 58
2987 57
2988 57
2989 57
2990 57
2991 58
2992 58
2993 58
2994 58
2995 58
2996 58
2997 58
2998 58
2999 58
3000 58
3001 58
3002 58
3003 58
3004 58
3005 58
3006 58
3007 58
3008 58
3009 58
3010 58
3011 58
3012 58
3013 58
3014 58
3015 58
3016 58
3017 58
3018 58
3019 58
3020 58
3021 58
3022 58
3023 58
3024 58
3025 57
3026 57
3027 58
3028 58
3029 58
3030 58
3031 58
3032 58
3033 58
3034 58
3035 58
3036 58
3037 58
3038 58
3039 58
3040 58
3041 58
3042 58
3043 58
3044 58
3045 58
3046 58
3047 58
3048 58
3049 58
3050 58
3051 58
3052 58
3053 58
3054 58
3055 58
3056 58
3057 58
3058 58
3059 58
3060 58
3061 58
3062 58
3063 58
3064 58
3065 58
3066 58
3067 58
3068 58
3069 58
3070 58
3071 58
3072 58
3073 58
3074 57
3075 57
3076 57
3077 58
3078 58
3079 58
3080 58
3081 58
3082 58
3083 58
3084 58
3085 58
3086 58
3087 58
3088 58
3089 58
3090 58
3091 58
3092 58
3093 58
3094 58
3095 58
3096 58
3097 58
3098 58
3099 58
3100 58
3101 58
3102 58
3103 58
3104 58
3105 58
3106 58
3107 58
3108 58
3109 58
3110 58
3111 58
3112 58
3113 58
3114 58
3115 58
3116 58
3117 58
3118 58
3119 58
3120 58
3121 58
3122 58
3123 57
3124 57
3125 57
3126 58
3127 58
3128 58
3129 58
3130 58
3131 58
3132 58
3133 58
3134 58
3135 58
3136 58
3137 58
3138 58
3139 58
3140 58
3141 58
3142 58
3143 58
3144 58
3145 58
3146 58
3147 58
3148 58
3149 58
3150 58
3151 58
3152 58
3153 58
3154 58
3155 58
3156 58
3157 58
3158 58
3159 58
3160 58
3161 58
3162 57
3163 57
3164 57
3165 58
3166 58
3167 58
3168 58
3169 58
3170 58
3171 58
3172 58
3173 58
3174 58
3175 58
3176 58
3177 58
3178 58
3179 58
3180 58
3181 57
3182 57
3183 57
3184 57
3185 57
3186 57
3187 57
