0 54
1 52
2 51
3 51
4 51
5 50
6 50
7 50
8 50
9 49
10 48
11 49
12 49
13 49
14 47
15 47
16 48
17 48
18 48
19 48
20 48
21 49
22 49
23 50
24 49
25 49
26 49
27 49
28 49
29 48
30 48
31 48
32 48
33 48
34 47
35 47
36 47
37 47
38 47
39 47
40 47
41 47
42 47
43 47
44 48
45 47
46 47
47 47
48 47
49 47
50 46
51 47
52 47
53 47
54 47
55 48
56 48
57 45
58 46
59 46
60 46
61 47
62 47
63 47
64 47
65 46
66 46
67 46
68 46
69 46
70 46
71 45
72 47
73 46
74 45
75 46
76 45
77 45
78 44
79 44
80 45
81 45
82 46
83 45
84 46
85 46
86 45
87 45
88 45
89 46
90 46
91 46
92 46
93 45
94 44
95 44
96 45
97 45
98 45
99 46
100 45
101 45
102 44
103 44
104 44
105 44
106 44
107 43
108 44
109 44
110 44
111 44
112 44
113 45
114 45
115 46
116 46
117 45
118 45
119 45
120 45
121 46
122 46
123 46
124 46
125 47
126 46
127 46
128 46
129 47
130 47
131 46
132 45
133 46
134 46
135 46
136 47
137 47
138 48
139 47
140 48
141 48
142 48
143 48
144 48
145 48
146 48
147 48
148 47
149 47
150 47
151 47
152 47
153 46
154 47
155 47
156 47
157 47
158 47
159 48
160 47
161 47
162 47
163 47
164 46
165 46
166 47
167 47
168 47
169 46
170 46
171 46
172 46
173 46
174 46
175 46
176 46
177 46
178 46
179 45
180 46
181 46
182 46
183 45
184 45
185 46
186 46
187 46
188 45
189 45
190 45
191 46
192 46
193 44
194 45
195 44
196 45
197 46
198 47
199 45
200 43
201 44
202 42
203 41
204 41
205 42
206 41
207 42
208 43
209 44
210 44
211 44
212 44
213 45
214 46
215 47
216 46
217 46
218 47
219 47
220 47
221 48
222 48
223 48
224 49
225 49
226 48
227 48
228 49
229 49
230 49
231 49
232 48
233 48
234 49
235 49
236 49
237 49
238 48
239 48
240 47
241 47
242 47
243 46
244 46
245 46
246 45
247 46
248 45
249 45
250 45
251 46
252 46
253 46
254 46
255 46
256 46
257 46
258 46
259 46
260 46
261 46
262 46
263 46
264 46
265 45
266 45
267 44
268 44
269 44
270 45
271 45
272 45
273 45
274 45
275 45
276 45
277 46
278 46
279 45
280 46
281 46
282 47
283 48
284 48
285 48
286 48
287 48
288 48
289 49
290 50
291 49
292 49
293 50
294 50
295 49
296 50
297 51
298 51
299 52
300 52
301 52
302 51
303 51
304 51
305 52
306 52
307 52
308 52
309 52
310 51
311 50
312 50
313 50
314 50
315 50
316 51
317 50
318 50
319 49
320 49
321 50
322 50
323 49
324 50
325 50
326 50
327 49
328 50
329 50
330 51
331 51
332 50
333 50
334 50
335 51
336 48
337 47
338 47
339 47
340 48
341 48
342 49
343 49
344 50
345 50
346 51
347 51
348 50
349 50
350 50
351 50
352 51
353 50
354 50
355 51
356 51
357 50
358 50
359 50
360 50
361 50
362 50
363 50
364 51
365 51
366 52
367 53
368 53
369 54
370 54
371 55
372 55
373 56
374 56
375 56
376 57
377 57
378 57
379 57
380 57
381 56
382 56
383 56
384 56
385 54
386 54
387 54
388 53
389 54
390 53
391 52
392 52
393 51
394 51
395 51
396 50
397 50
398 50
399 50
400 49
401 49
402 50
403 51
404 51
405 52
406 52
407 52
408 53
409 53
410 54
411 54
412 54
413 53
414 53
415 53
416 53
417 53
418 52
419 53
420 54
421 54
422 55
423 55
424 55
425 55
426 55
427 56
428 56
429 56
430 57
431 57
432 57
433 58
434 58
435 57
436 57
437 57
438 57
439 57
440 57
441 57
442 57
443 57
444 56
445 55
446 55
447 54
448 53
449 53
450 53
451 52
452 52
453 51
454 51
455 50
456 50
457 49
458 49
459 49
460 49
461 48
462 48
463 48
464 48
465 48
466 48
467 48
468 48
469 48
470 48
471 48
472 48
473 48
474 48
475 48
476 48
477 48
478 48
479 48
480 48
481 48
482 48
483 48
484 48
485 48
486 49
487 49
488 48
489 48
490 48
491 49
492 50
493 51
494 52
495 52
496 53
497 53
498 53
499 53
500 52
501 52
502 52
503 52
504 52
505 53
506 53
507 54
508 54
509 55
510 55
511 55
512 55
513 55
514 54
515 54
516 53
517 53
518 53
519 53
520 53
521 53
522 52
523 52
524 51
525 52
526 53
527 53
528 54
529 54
530 55
531 55
532 56
533 56
534 56
535 56
536 57
537 57
538 57
539 57
540 57
541 57
542 57
543 56
544 56
545 55
546 55
547 55
548 55
549 55
550 55
551 54
552 54
553 54
554 55
555 55
556 56
557 54
558 54
559 54
560 54
561 53
562 53
563 53
564 53
565 53
566 53
567 53
568 52
569 52
570 53
571 52
572 52
573 53
574 52
575 52
576 52
577 52
578 52
579 51
580 51
581 51
582 50
583 50
584 50
585 49
586 49
587 49
588 49
589 48
590 48
591 48
592 48
593 48
594 47
595 47
596 48
597 49
598 48
599 48
600 48
601 47
602 47
603 48
604 48
605 48
606 49
607 49
608 50
609 49
610 49
611 50
612 50
613 50
614 50
615 50
616 50
617 50
618 50
619 51
620 51
621 52
622 53
623 53
624 54
625 54
626 55
627 55
628 55
629 56
630 56
631 56
632 56
633 56
634 56
635 57
636 57
637 57
638 57
639 57
640 58
641 58
642 58
643 58
644 57
645 57
646 58
647 58
648 58
649 58
650 58
651 58
652 58
653 58
654 58
655 58
656 58
657 58
658 58
659 58
660 58
661 58
662 58
663 58
664 58
665 58
666 58
667 58
668 58
669 58
670 58
671 58
672 58
673 58
674 58
675 57
676 57
677 57
678 58
679 58
680 58
681 58
682 58
683 58
684 58
685 58
686 58
687 58
688 58
689 58
690 58
691 58
692 58
693 58
694 57
695 57
696 57
697 57
698 58
699 58
700 58
701 58
702 58
703 58
704 58
705 58
706 57
707 56
708 55
709 55
710 54
711 54
712 54
713 54
714 54
715 54
716 53
717 53
718 52
719 51
720 50
721 51
722 51
723 52
724 51
725 52
726 52
727 51
728 51
729 51
730 50
731 50
732 50
733 50
734 49
735 50
736 51
737 51
738 50
739 50
740 50
741 49
742 49
743 49
744 50
745 50
746 50
747 49
748 50
749 50
750 50
751 50
752 50
753 50
754 50
755 51
756 52
757 53
758 53
759 53
760 54
761 54
762 55
763 52
764 53
765 53
766 54
767 54
768 55
769 55
770 55
771 56
772 56
773 56
774 57
775 57
776 57
777 57
778 58
779 58
780 58
781 58
782 58
783 58
784 58
785 58
786 58
787 58
788 58
789 58
790 58
791 58
792 58
793 58
794 57
795 57
796 58
797 58
798 58
799 58
800 58
801 58
802 58
803 58
804 58
805 58
806 58
807 57
808 57
809 57
810 57
811 57
812 57
813 57
814 57
815 57
816 57
817 58
818 58
819 57
820 56
821 56
822 55
823 55
824 55
825 55
826 54
827 54
828 55
829 55
830 55
831 55
832 56
833 56
834 56
835 56
836 57
837 57
838 57
839 57
840 58
841 58
842 57
843 57
844 57
845 58
846 58
847 58
848 58
849 58
850 58
851 58
852 58
853 58
854 58
855 58
856 58
857 58
858 58
859 58
860 58
861 58
862 58
863 58
864 58
865 58
866 58
867 58
868 58
869 58
870 58
871 58
872 57
873 57
874 57
875 58
876 58
877 58
878 58
879 58
880 58
881 58
882 58
883 58
884 58
885 54
886 52
887 52
888 51
889 52
890 53
891 53
892 54
893 54
894 55
895 55
896 55
897 56
898 56
899 56
900 56
901 56
902 56
903 56
904 56
905 55
906 55
907 55
908 54
909 54
910 54
911 54
912 52
913 52
914 52
915 52
916 52
917 52
918 53
919 53
920 54
921 54
922 55
923 54
924 54
925 53
926 53
927 53
928 53
929 53
930 53
931 52
932 52
933 52
934 51
935 51
936 52
937 53
938 53
939 54
940 55
941 55
942 55
943 56
944 56
945 56
946 56
947 57
948 57
949 57
950 57
951 57
952 57
953 58
954 58
955 58
956 58
957 58
958 57
959 57
960 57
961 58
962 58
963 58
964 58
965 58
966 58
967 58
968 58
969 58
970 58
971 58
972 58
973 58
974 58
975 57
976 57
977 58
978 58
979 58
980 58
981 58
982 58
983 58
984 58
985 58
986 58
987 58
988 58
989 58
990 58
991 58
992 58
993 58
994 58
995 57
996 58
997 58
998 58
999 58
1000 58
1001 58
1002 58
1003 58
1004 58
1005 58
1006 58
1007 57
1008 57
1009 57
1010 57
1011 58
1012 58
1013 58
1014 58
1015 58
1016 58
1017 58
1018 58
1019 58
1020 58
1021 58
1022 59
1023 59
1024 59
1025 59
1026 59
1027 59
1028 58
1029 58
1030 58
1031 58
1032 58
1033 58
1034 58
1035 58
1036 58
1037 58
1038 58
1039 58
1040 58
1041 57
1042 57
1043 57
1044 58
1045 56
1046 55
1047 54
1048 54
1049 54
1050 54
1051 54
1052 55
1053 55
1054 55
1055 54
1056 53
1057 53
1058 53
1059 53
1060 53
1061 53
1062 54
1063 54
1064 55
1065 55
1066 54
1067 54
1068 54
1069 54
1070 53
1071 53
1072 53
1073 53
1074 54
1075 54
1076 55
1077 55
1078 56
1079 56
1080 56
1081 57
1082 57
1083 57
1084 57
1085 57
1086 57
1087 57
1088 58
1089 57
1090 57
1091 57
1092 57
1093 57
1094 58
1095 58
1096 58
1097 58
1098 58
1099 58
1100 58
1101 58
1102 57
1103 57
1104 57
1105 57
1106 58
1107 58
1108 58
1109 58
1110 58
1111 58
1112 58
1113 58
1114 58
1115 58
1116 58
1117 58
1118 59
1119 58
1120 58
1121 58
1122 58
1123 58
1124 58
1125 58
1126 58
1127 58
1128 58
1129 58
1130 58
1131 58
1132 58
1133 58
1134 58
1135 58
1136 58
1137 58
1138 58
1139 58
1140 58
1141 58
1142 58
1143 58
1144 58
1145 58
1146 58
1147 58
1148 58
1149 58
1150 57
1151 57
1152 57
1153 57
1154 58
1155 58
1156 58
1157 58
1158 58
1159 58
1160 58
1161 58
1162 58
1163 57
1164 57
1165 57
1166 58
1167 58
1168 58
1169 58
1170 58
1171 58
1172 58
1173 58
1174 57
1175 57
1176 57
1177 57
1178 56
1179 55
1180 54
1181 54
1182 54
1183 53
1184 53
1185 51
1186 52
1187 52
1188 52
1189 52
1190 52
1191 51
1192 51
1193 50
1194 50
1195 50
1196 50
1197 50
1198 51
1199 51
1200 51
1201 52
1202 52
1203 53
1204 53
1205 54
1206 55
1207 55
1208 55
1209 54
1210 54
1211 54
1212 54
1213 54
1214 54
1215 54
1216 54
1217 54
1218 54
1219 54
1220 54
1221 55
1222 55
1223 56
1224 56
1225 56
1226 56
1227 57
1228 57
1229 57
1230 57
1231 57
1232 57
1233 57
1234 57
1235 57
1236 58
1237 58
1238 58
1239 58
1240 58
1241 58
1242 58
1243 58
1244 57
1245 58
1246 58
1247 58
1248 58
1249 58
1250 58
1251 58
1252 58
1253 58
1254 58
1255 58
1256 58
1257 58
1258 58
1259 58
1260 58
1261 58
1262 58
1263 58
1264 58
1265 58
1266 58
1267 58
1268 57
1269 57
1270 58
1271 58
1272 58
1273 58
1274 58
1275 58
1276 58
1277 58
1278 58
1279 58
1280 58
1281 58
1282 58
1283 58
1284 58
1285 58
1286 58
1287 58
1288 58
1289 58
1290 58
1291 58
1292 58
1293 58
1294 58
1295 58
1296 58
1297 58
1298 58
1299 58
1300 58
1301 58
1302 58
1303 58
1304 58
1305 58
1306 58
1307 58
1308 58
1309 58
1310 58
1311 58
1312 58
1313 58
1314 58
1315 58
1316 58
1317 58
1318 58
1319 58
1320 58
1321 58
1322 58
1323 58
1324 58
1325 58
1326 58
1327 58
1328 58
1329 58
1330 58
1331 58
1332 58
1333 58
1334 58
1335 58
1336 58
1337 58
1338 58
1339 58
1340 58
1341 57
1342 57
1343 58
1344 58
1345 58
1346 58
1347 58
1348 58
1349 58
1350 58
1351 58
1352 58
1353 58
1354 58
1355 58
1356 58
1357 58
1358 58
1359 58
1360 58
1361 58
1362 58
1363 58
1364 58
1365 58
1366 58
1367 58
1368 58
1369 58
1370 58
1371 58
1372 58
1373 58
1374 58
1375 58
1376 58
1377 58
1378 57
1379 58
1380 58
1381 58
1382 58
1383 57
1384 57
1385 57
1386 57
1387 57
1388 58
1389 57
1390 57
1391 57
1392 57
1393 57
1394 57
1395 58
1396 55
1397 55
1398 56
1399 56
1400 56
1401 56
1402 56
1403 56
1404 56
1405 56
1406 57
1407 57
1408 57
1409 57
1410 58
1411 58
1412 58
1413 58
1414 57
1415 57
1416 58
1417 58
1418 58
1419 58
1420 58
1421 58
1422 58
1423 58
1424 58
1425 58
1426 57
1427 57
1428 57
1429 58
1430 58
1431 58
1432 58
1433 58
1434 58
1435 58
1436 58
1437 57
1438 58
1439 57
1440 58
1441 58
1442 58
1443 58
1444 58
1445 58
1446 58
1447 58
1448 58
1449 58
1450 58
1451 58
1452 58
1453 58
1454 58
1455 58
1456 58
1457 58
1458 58
1459 58
1460 58
1461 58
1462 58
1463 58
1464 58
1465 58
1466 58
1467 58
1468 58
1469 58
1470 58
1471 58
1472 58
1473 58
1474 58
1475 58
1476 57
1477 57
1478 58
1479 58
1480 58
1481 58
1482 58
1483 58
1484 58
1485 58
1486 58
1487 58
1488 58
1489 56
1490 55
1491 55
1492 54
1493 54
1494 54
1495 54
1496 55
1497 55
1498 55
1499 55
1500 56
1501 56
1502 56
1503 56
1504 57
1505 57
1506 57
1507 57
1508 58
1509 58
1510 58
1511 58
1512 58
1513 58
1514 58
1515 58
1516 58
1517 58
1518 58
1519 58
1520 58
1521 58
1522 58
1523 58
1524 57
1525 57
1526 57
1527 58
1528 58
1529 58
1530 58
1531 58
1532 58
1533 58
1534 58
1535 58
1536 58
1537 58
1538 58
1539 58
1540 58
1541 58
1542 58
1543 58
1544 58
1545 58
1546 58
1547 58
1548 58
1549 58
1550 58
1551 58
1552 58
1553 58
1554 58
1555 58
1556 58
1557 57
1558 57
1559 58
1560 58
1561 58
1562 58
1563 58
1564 58
1565 58
1566 58
1567 58
1568 58
1569 56
1570 55
1571 55
1572 55
1573 55
1574 55
1575 54
1576 54
1577 55
1578 55
1579 56
1580 56
1581 56
1582 57
1583 57
1584 56
1585 57
1586 57
1587 57
1588 57
1589 57
1590 57
1591 57
1592 57
1593 57
1594 58
1595 58
1596 57
1597 57
1598 58
1599 58
1600 58
1601 58
1602 58
1603 58
1604 58
1605 58
1606 58
1607 58
1608 58
1609 58
1610 58
1611 58
1612 58
1613 58
1614 58
1615 58
1616 58
1617 58
1618 58
1619 58
1620 58
1621 57
1622 58
1623 58
1624 58
1625 58
1626 58
1627 58
1628 58
1629 58
1630 58
1631 58
1632 58
1633 57
1634 57
1635 58
1636 58
1637 58
1638 58
1639 58
1640 58
1641 58
1642 58
1643 58
1644 58
1645 58
1646 58
1647 58
1648 58
1649 58
1650 58
1651 58
1652 58
1653 58
1654 58
1655 58
1656 58
1657 58
1658 58
1659 58
1660 58
1661 58
1662 58
1663 58
1664 58
1665 58
1666 58
1667 58
1668 58
1669 58
1670 54
1671 51
1672 48
1673 46
1674 46
1675 46
1676 46
1677 47
1678 49
1679 50
1680 51
1681 52
1682 52
1683 53
1684 54
1685 54
1686 55
1687 55
1688 54
1689 55
1690 55
1691 56
1692 56
1693 56
1694 57
1695 57
1696 57
1697 57
1698 57
1699 58
1700 57
1701 57
1702 57
1703 57
1704 57
1705 57
1706 57
1707 56
1708 55
1709 54
1710 54
1711 53
1712 53
1713 53
1714 53
1715 52
1716 52
1717 52
1718 52
1719 52
1720 51
1721 51
1722 50
1723 50
1724 50
1725 50
1726 49
1727 49
1728 49
1729 49
1730 49
1731 50
1732 49
1733 50
1734 50
1735 49
1736 49
1737 49
1738 49
1739 49
1740 50
1741 49
1742 49
1743 49
1744 49
1745 49
1746 49
1747 49
1748 49
1749 48
1750 48
1751 48
1752 48
1753 48
1754 48
1755 48
1756 48
1757 48
1758 48
1759 48
1760 48
1761 48
1762 47
1763 48
1764 48
1765 48
1766 48
1767 48
1768 48
1769 48
1770 49
1771 49
1772 49
1773 49
1774 49
1775 50
1776 51
1777 52
1778 53
1779 53
1780 54
1781 54
1782 55
1783 55
1784 56
1785 56
1786 56
1787 56
1788 57
1789 57
1790 57
1791 57
1792 57
1793 57
1794 57
1795 57
1796 57
1797 57
1798 57
1799 57
1800 58
1801 57
1802 57
1803 57
1804 57
1805 57
1806 58
1807 58
1808 58
1809 57
1810 57
1811 58
1812 58
1813 58
1814 58
1815 58
1816 58
1817 58
1818 58
1819 58
1820 58
1821 58
1822 57
1823 57
1824 58
1825 58
1826 58
1827 58
1828 58
1829 58
1830 58
1831 57
1832 58
1833 58
1834 57
1835 57
1836 57
1837 57
1838 58
1839 58
1840 58
1841 58
1842 58
1843 57
1844 57
1845 55
1846 55
1847 55
1848 54
1849 54
1850 54
1851 53
1852 52
1853 52
1854 53
1855 52
1856 51
1857 51
1858 51
1859 51
1860 51
1861 51
1862 50
1863 51
1864 51
1865 51
1866 50
1867 51
1868 51
1869 52
1870 53
1871 54
1872 54
1873 55
1874 55
1875 56
1876 56
1877 56
1878 57
1879 57
1880 57
1881 57
1882 57
1883 53
1884 53
1885 53
1886 54
1887 54
1888 55
1889 55
1890 55
1891 56
1892 56
1893 55
1894 54
1895 54
1896 53
1897 53
1898 53
1899 53
1900 52
1901 52
1902 51
1903 51
1904 51
1905 50
1906 50
1907 50
1908 50
1909 50
1910 49
1911 49
1912 49
1913 49
1914 48
1915 48
1916 48
1917 49
1918 49
1919 48
1920 48
1921 48
1922 48
1923 48
1924 48
1925 49
1926 49
1927 49
1928 49
1929 50
1930 51
1931 51
1932 52
1933 53
1934 51
1935 51
1936 51
1937 51
1938 52
1939 52
1940 53
1941 54
1942 54
1943 54
1944 55
1945 55
1946 56
1947 56
1948 56
1949 57
1950 57
1951 57
1952 57
1953 58
1954 57
1955 57
1956 57
1957 58
1958 58
1959 58
