0 57
1 52
2 49
3 47
4 46
5 45
6 44
7 43
8 41
9 40
10 39
11 39
12 39
13 39
14 38
15 38
16 38
17 38
18 37
19 37
20 37
21 37
22 37
23 37
24 37
25 37
26 37
27 37
28 37
29 37
30 37
31 37
32 37
33 37
34 37
35 37
36 37
37 37
38 37
39 37
40 37
41 37
42 37
43 37
44 37
45 37
46 36
47 36
48 35
49 34
50 35
51 35
52 35
53 35
54 36
55 36
56 36
57 36
58 36
59 36
60 36
61 36
62 37
63 36
64 36
65 36
66 36
67 37
68 37
69 37
70 37
71 37
72 36
73 36
74 36
75 36
76 35
77 35
78 35
79 35
80 35
81 35
82 35
83 35
84 35
85 35
86 36
87 36
88 36
89 36
90 37
91 37
92 37
93 37
94 37
95 36
96 36
97 36
98 36
99 36
100 37
101 37
102 36
103 37
104 37
105 36
106 37
107 37
108 37
109 37
110 37
111 37
112 37
113 37
114 37
115 37
116 37
117 37
118 37
119 37
120 37
121 37
122 36
123 36
124 37
125 36
126 36
127 36
128 36
129 36
130 36
131 35
132 35
133 35
134 34
135 34
136 34
137 34
138 34
139 34
140 34
141 34
142 34
143 34
144 34
145 34
146 34
147 34
148 34
149 34
150 33
151 34
152 34
153 34
154 34
155 35
156 35
157 35
158 35
159 35
160 35
161 35
162 35
163 35
164 34
165 33
166 33
167 33
168 33
169 34
170 34
171 33
172 34
173 34
174 35
175 35
176 35
177 34
178 34
179 34
180 34
181 34
182 35
183 35
184 34
185 35
186 35
187 35
188 36
189 35
190 35
191 35
192 35
193 35
194 35
195 35
196 36
197 36
198 36
199 35
200 35
201 35
202 35
203 35
204 36
205 35
206 36
207 36
208 35
209 36
210 36
211 36
212 35
213 36
214 36
215 36
216 37
217 37
218 37
219 37
220 37
221 36
222 37
223 37
224 37
225 37
226 37
227 37
228 37
229 37
230 37
231 37
232 37
233 37
234 37
235 37
236 37
237 37
238 37
239 37
240 37
241 37
242 36
243 36
244 36
245 36
246 36
247 36
248 36
249 37
250 37
251 36
252 36
253 36
254 35
255 36
256 36
257 36
258 36
259 36
260 36
261 36
262 36
263 36
264 37
265 37
266 37
267 36
268 37
269 37
270 37
271 37
272 37
273 37
274 37
275 37
276 37
277 37
278 37
279 36
280 36
281 36
282 36
283 37
284 37
285 37
286 37
287 37
288 37
289 37
290 37
291 37
292 37
293 37
294 37
295 37
296 37
297 37
298 37
299 37
300 37
301 37
302 37
303 37
304 37
305 37
306 37
307 37
308 37
309 37
310 37
311 37
312 37
313 37
314 37
315 38
316 37
317 37
318 38
319 38
320 38
321 38
322 37
323 37
324 37
325 37
326 37
327 37
328 37
329 35
330 33
331 32
332 30
333 29
334 28
335 27
336 26
337 27
338 27
339 28
340 29
341 30
342 31
343 31
344 32
345 32
346 33
347 32
348 33
349 34
350 34
351 34
352 35
353 35
354 35
355 35
356 36
357 36
358 36
359 36
360 36
361 36
362 37
363 37
364 37
365 37
366 37
367 37
368 37
369 37
370 37
371 37
372 37
373 37
