0 57
1 56
2 55
3 53
4 53
5 52
6 51
7 51
8 50
9 50
10 49
11 47
12 47
13 46
14 46
15 46
16 46
17 46
18 46
19 46
20 45
21 45
22 44
23 44
24 45
25 44
26 44
27 42
28 41
29 41
30 40
31 39
32 37
33 38
34 37
35 39
36 39
37 39
38 40
39 41
40 41
41 41
42 41
43 41
44 41
45 41
46 41
47 42
48 42
49 42
50 42
51 43
52 43
53 44
54 42
55 43
56 42
57 42
58 43
59 44
60 44
61 44
62 43
63 43
64 43
65 44
66 44
67 44
68 44
69 45
70 45
71 43
72 42
73 43
74 42
75 43
76 43
77 43
78 43
79 43
80 42
81 42
82 42
83 42
84 43
85 43
86 44
87 45
88 45
89 45
90 44
91 44
92 45
93 44
94 44
95 45
96 44
97 44
98 44
99 44
100 44
101 44
102 43
103 43
104 42
105 43
106 43
107 43
108 44
109 44
110 44
111 44
112 44
113 44
114 43
115 43
116 43
117 43
118 43
119 43
120 44
121 44
122 44
123 44
124 45
125 44
126 44
127 44
128 43
129 42
130 42
131 39
132 38
133 38
134 36
135 36
136 37
137 38
138 37
139 38
140 39
141 38
142 37
143 39
144 38
145 36
146 37
147 37
148 37
149 38
150 38
151 37
152 36
153 35
154 34
155 34
156 35
157 35
158 36
159 37
160 38
161 36
162 35
163 35
164 35
165 36
166 36
167 37
168 39
169 40
170 40
171 41
172 41
173 42
174 39
175 36
176 35
177 35
178 33
179 32
180 33
181 32
182 32
183 31
184 31
185 30
186 32
187 33
188 35
189 36
190 37
191 38
192 38
193 39
194 40
195 39
196 39
197 38
198 39
199 40
200 41
201 41
202 42
203 42
204 43
205 43
206 44
207 43
208 44
209 45
210 46
211 45
212 43
213 43
214 43
215 43
216 44
217 44
218 43
219 44
220 44
221 45
222 45
223 45
224 45
225 45
226 45
227 44
228 44
229 44
230 45
231 45
232 45
233 45
234 45
235 45
236 46
237 45
238 45
239 45
240 45
241 45
242 46
243 45
244 45
245 45
246 45
247 45
248 45
249 45
250 45
251 45
252 46
253 45
254 45
255 45
256 45
257 45
258 45
259 45
260 45
261 45
262 45
263 45
264 45
265 44
266 45
267 45
268 43
269 43
270 43
271 42
272 42
273 42
274 43
275 44
276 46
277 47
278 47
279 47
280 47
281 46
282 46
283 46
284 45
285 46
286 46
287 46
288 45
289 46
290 45
291 45
292 45
293 45
294 45
295 44
296 44
297 43
298 44
299 43
300 44
301 42
302 40
303 39
304 38
305 37
306 36
307 36
308 35
309 34
310 33
311 32
312 32
313 34
314 35
315 36
316 38
317 38
318 39
319 39
320 39
321 40
322 41
323 41
324 41
325 42
326 42
327 41
328 42
329 42
330 43
331 43
332 43
333 44
334 44
335 44
336 45
337 43
338 44
339 44
340 44
341 45
342 45
343 45
344 44
345 45
346 45
347 45
348 46
349 46
350 45
351 45
352 45
353 45
354 45
355 45
356 45
357 45
358 45
359 44
360 45
361 45
362 45
363 45
364 45
365 45
366 45
367 45
368 45
369 45
370 45
371 45
372 45
373 45
374 45
375 45
376 45
377 45
378 45
379 45
380 45
381 45
382 45
383 45
384 45
385 45
386 45
387 45
388 44
389 45
390 45
391 45
392 45
393 46
394 44
395 45
396 45
397 46
398 46
399 46
400 46
401 47
402 47
403 47
404 47
405 47
406 47
407 46
408 46
409 47
410 47
411 47
412 47
413 47
414 48
415 48
416 47
417 47
418 47
419 47
420 47
421 46
422 46
423 47
424 46
425 45
426 46
427 46
428 46
429 45
430 45
431 45
432 46
433 46
434 46
435 45
436 45
437 45
438 45
439 45
440 45
441 45
442 45
443 46
444 45
445 46
446 46
447 46
448 47
449 46
450 46
451 46
452 46
453 46
454 46
455 45
456 45
457 45
458 45
459 45
460 45
461 45
462 45
463 44
464 45
465 45
466 45
467 45
468 45
469 45
470 45
471 46
472 47
473 46
474 46
475 46
476 47
477 46
478 46
479 46
480 46
481 47
482 47
483 46
484 46
485 46
486 45
487 44
488 44
489 45
490 45
491 45
492 44
493 44
494 45
495 45
496 44
497 45
498 45
499 45
500 45
501 45
502 44
503 44
504 44
505 45
506 46
507 46
508 46
509 46
510 46
511 46
512 46
513 45
514 46
515 45
516 45
517 45
518 45
519 45
520 45
521 45
522 45
523 45
524 45
525 45
526 45
527 44
528 44
529 45
530 44
531 45
532 45
533 45
534 45
535 45
536 45
537 45
538 46
539 46
540 45
541 46
542 45
543 45
544 44
545 42
546 43
547 41
548 42
549 43
550 43
551 41
552 41
553 42
554 42
555 43
556 42
557 41
558 41
559 42
560 42
561 43
562 43
563 42
564 41
565 41
566 42
567 42
568 43
569 43
570 43
571 42
572 41
573 41
574 42
575 42
576 41
577 42
578 43
579 44
580 44
581 44
582 45
583 46
584 44
585 42
586 40
587 39
588 40
589 41
590 41
591 41
592 42
593 42
594 43
595 42
596 43
597 43
598 43
599 44
600 44
601 44
602 44
603 45
604 45
605 45
606 44
607 45
608 44
609 44
610 45
611 44
612 44
613 45
614 45
615 45
616 45
617 45
618 44
619 44
620 45
621 45
622 45
623 45
624 46
625 46
626 46
627 46
628 45
629 45
630 46
631 46
632 46
633 46
634 46
635 46
636 46
637 46
638 46
639 45
640 45
641 45
642 45
643 45
644 45
645 45
646 45
647 44
648 45
649 45
650 45
651 45
652 46
653 46
654 46
655 46
656 46
657 45
658 46
659 45
660 45
661 45
662 45
663 45
664 43
665 43
666 43
667 43
668 44
669 44
670 44
671 44
672 44
673 44
674 45
675 46
676 45
677 45
678 44
679 44
680 44
681 44
682 45
683 44
684 42
685 42
686 42
687 42
688 42
689 43
690 43
691 43
692 44
693 44
694 44
695 43
696 44
697 44
698 44
699 44
700 45
701 45
702 44
703 44
704 44
705 43
706 43
707 43
708 43
709 43
710 44
711 44
712 44
713 44
714 44
715 44
716 44
717 44
718 44
719 44
720 44
721 44
722 44
723 44
724 44
725 44
726 44
727 44
728 45
729 44
730 44
731 43
732 44
733 45
734 46
735 47
736 48
737 47
738 46
739 46
740 46
741 46
742 46
743 46
744 46
745 46
746 46
747 45
748 45
749 45
750 45
751 45
752 45
753 46
754 46
755 46
756 46
757 46
758 46
759 45
760 45
761 45
762 45
763 45
764 45
765 45
766 45
767 45
768 45
769 45
770 45
771 45
772 45
773 45
774 45
775 45
776 45
777 45
778 45
779 45
780 45
781 45
782 45
783 44
784 45
785 45
786 44
787 44
788 44
789 45
790 45
791 46
792 46
793 45
794 46
795 46
796 47
797 47
798 47
799 47
800 46
801 46
802 46
803 46
804 46
805 46
806 46
807 45
808 45
809 45
810 45
811 45
812 45
813 45
814 46
815 47
816 46
817 46
818 47
819 48
820 47
821 46
822 46
823 46
824 46
825 47
826 46
827 46
828 46
829 46
830 45
831 45
832 46
833 47
834 47
835 47
836 46
837 46
838 45
839 46
840 47
841 48
842 48
843 48
844 48
845 47
846 47
847 47
848 44
849 44
850 44
851 44
852 43
853 41
854 41
855 41
856 42
857 41
858 41
859 42
860 42
861 42
862 42
863 40
864 38
865 38
866 37
867 36
868 35
869 36
870 37
871 37
872 37
873 38
874 39
875 40
876 40
877 38
878 38
879 36
880 35
881 33
882 34
883 35
884 36
885 37
886 37
887 38
888 38
889 38
890 38
891 38
892 39
893 40
894 40
895 41
896 41
897 41
898 41
899 41
900 42
901 43
902 43
903 43
904 44
905 43
906 42
907 42
908 42
909 43
910 43
911 43
912 44
913 44
914 44
915 45
916 45
917 44
918 44
919 45
920 46
921 47
922 48
923 48
924 48
925 47
926 47
927 47
928 46
929 46
930 46
931 46
932 45
933 46
934 46
935 46
936 46
937 45
938 45
939 44
940 45
941 45
942 45
943 46
944 47
945 47
946 47
947 47
948 46
949 46
950 46
951 46
952 45
953 45
954 46
955 47
956 48
957 47
958 47
959 47
960 48
961 49
962 49
963 48
964 48
965 48
966 48
967 48
968 48
969 47
970 47
971 47
972 46
973 47
974 46
975 46
976 46
977 46
978 45
979 46
980 46
981 45
982 45
983 45
984 45
985 45
986 43
987 43
988 43
989 44
990 44
991 44
992 44
993 44
994 44
995 44
996 44
997 44
998 44
999 43
1000 44
1001 44
1002 44
1003 44
1004 44
1005 44
1006 44
1007 43
1008 45
1009 44
1010 45
1011 43
1012 44
1013 43
1014 44
1015 45
1016 44
1017 41
1018 41
1019 42
1020 42
1021 42
1022 43
1023 43
1024 44
1025 44
1026 45
1027 44
1028 42
1029 42
1030 44
1031 44
1032 45
1033 45
1034 45
1035 43
1036 41
1037 41
1038 41
1039 42
1040 42
1041 43
1042 43
1043 43
1044 43
1045 44
1046 44
1047 44
1048 44
1049 44
1050 44
1051 44
1052 44
1053 44
1054 44
1055 44
1056 44
1057 45
1058 44
1059 43
1060 44
1061 44
1062 44
1063 45
1064 45
1065 45
1066 45
1067 45
1068 44
1069 44
1070 45
1071 45
1072 45
1073 45
1074 46
1075 47
1076 47
1077 47
1078 46
1079 46
1080 46
1081 45
1082 45
1083 46
1084 46
1085 45
1086 45
1087 45
1088 45
1089 46
1090 45
1091 45
1092 46
1093 45
1094 45
1095 45
1096 45
1097 45
1098 44
1099 44
1100 45
1101 45
1102 43
1103 42
1104 43
1105 43
1106 43
1107 44
1108 44
1109 43
1110 44
1111 44
1112 44
1113 44
1114 45
1115 45
1116 45
1117 45
1118 45
1119 44
1120 44
1121 45
1122 45
1123 45
1124 45
1125 45
1126 45
1127 45
1128 45
1129 44
1130 44
1131 44
1132 44
1133 43
1134 44
1135 44
1136 44
1137 45
1138 46
1139 46
1140 43
1141 43
1142 41
1143 41
1144 42
1145 42
1146 42
1147 42
1148 40
1149 41
1150 40
1151 40
1152 41
1153 41
1154 41
1155 42
1156 42
1157 42
1158 43
1159 43
1160 44
1161 44
1162 44
1163 44
1164 44
1165 44
1166 43
1167 44
1168 44
1169 44
1170 44
1171 44
1172 45
1173 46
1174 47
1175 47
1176 47
1177 46
1178 47
1179 46
1180 46
1181 47
1182 48
1183 49
1184 50
1185 50
1186 49
1187 49
1188 48
1189 48
1190 48
1191 47
1192 46
1193 46
1194 45
1195 45
1196 46
1197 45
1198 45
1199 45
1200 46
1201 46
1202 46
1203 44
1204 44
1205 44
1206 44
1207 45
1208 44
1209 45
1210 45
1211 45
1212 45
1213 45
1214 44
1215 44
1216 45
1217 45
1218 45
1219 45
1220 45
1221 45
1222 45
1223 45
1224 45
1225 45
1226 45
1227 45
1228 44
1229 45
1230 45
1231 45
1232 45
1233 45
1234 44
1235 44
1236 43
1237 44
1238 45
1239 46
1240 46
1241 47
1242 46
1243 46
1244 46
1245 46
1246 45
1247 45
1248 45
1249 46
1250 45
1251 45
1252 45
1253 45
1254 45
1255 45
1256 45
1257 45
1258 45
1259 45
1260 45
1261 45
1262 45
1263 45
1264 45
1265 45
1266 45
1267 45
1268 45
1269 45
1270 45
1271 45
1272 45
1273 45
1274 45
1275 45
1276 44
1277 45
1278 45
1279 45
1280 44
1281 45
1282 45
1283 45
1284 45
1285 45
1286 45
1287 45
1288 45
1289 45
1290 45
1291 45
1292 45
1293 45
1294 45
1295 45
1296 46
1297 45
1298 45
1299 45
1300 45
1301 45
1302 45
1303 44
1304 45
1305 45
1306 45
1307 45
1308 45
1309 45
1310 46
1311 45
1312 46
1313 45
1314 45
1315 45
1316 45
1317 46
1318 45
1319 45
1320 46
1321 46
1322 46
1323 46
1324 46
1325 47
1326 46
1327 47
1328 46
1329 46
1330 46
1331 46
1332 46
1333 46
1334 46
1335 45
1336 46
1337 46
1338 46
1339 45
1340 46
1341 45
1342 45
1343 45
1344 46
1345 46
1346 45
1347 45
1348 45
1349 45
1350 45
1351 45
1352 45
1353 45
1354 45
1355 44
1356 44
1357 44
1358 45
1359 45
1360 45
1361 45
1362 45
1363 45
1364 46
1365 45
1366 44
1367 44
1368 44
1369 45
1370 45
1371 45
1372 46
1373 45
1374 45
1375 45
1376 45
1377 45
1378 45
1379 45
1380 45
1381 45
1382 45
1383 45
1384 43
1385 44
1386 44
1387 45
1388 45
1389 45
1390 45
1391 46
1392 46
1393 46
1394 46
1395 44
1396 45
1397 45
1398 45
1399 45
1400 46
1401 46
1402 46
1403 46
1404 46
1405 46
1406 46
1407 44
1408 43
1409 44
1410 44
1411 42
1412 41
1413 39
1414 39
1415 40
1416 41
1417 40
1418 41
1419 41
1420 41
1421 42
1422 42
1423 43
1424 43
1425 43
1426 44
1427 44
1428 44
1429 44
1430 43
1431 44
1432 44
1433 46
1434 47
1435 48
1436 48
1437 47
1438 47
1439 47
1440 47
1441 47
1442 46
1443 47
1444 47
1445 46
1446 46
1447 46
1448 46
1449 45
1450 45
1451 45
1452 45
1453 46
1454 46
1455 46
1456 46
1457 45
1458 46
1459 45
1460 45
1461 45
1462 44
1463 45
1464 45
1465 45
1466 45
1467 46
1468 45
1469 45
1470 45
1471 45
1472 45
1473 45
1474 45
1475 45
1476 45
1477 45
1478 45
1479 45
1480 44
1481 45
1482 45
1483 45
1484 44
1485 44
1486 45
1487 45
1488 45
1489 45
1490 46
1491 45
1492 45
1493 45
1494 46
1495 46
1496 46
1497 46
1498 46
1499 46
1500 45
1501 46
1502 46
1503 47
1504 47
1505 45
1506 45
1507 45
1508 46
1509 47
1510 47
1511 47
1512 47
1513 47
1514 47
1515 46
1516 45
1517 45
1518 45
1519 46
1520 46
1521 45
1522 46
1523 46
1524 44
1525 44
1526 45
1527 45
1528 45
1529 46
1530 46
1531 46
1532 46
1533 44
1534 43
1535 43
1536 45
1537 46
1538 47
1539 47
1540 46
1541 46
1542 47
1543 47
1544 46
1545 46
1546 46
1547 46
1548 46
1549 46
1550 45
1551 45
1552 46
1553 46
1554 46
1555 46
1556 45
1557 46
1558 45
1559 45
1560 42
1561 41
1562 40
1563 37
1564 38
1565 40
1566 41
1567 42
1568 42
1569 42
1570 43
1571 43
1572 43
1573 44
1574 44
1575 44
1576 43
1577 44
1578 44
1579 44
1580 45
1581 43
1582 43
1583 43
1584 43
1585 43
1586 43
1587 44
1588 43
1589 43
1590 44
1591 44
1592 44
1593 44
1594 44
1595 44
1596 45
1597 46
1598 45
1599 45
1600 46
1601 46
1602 46
1603 45
1604 45
1605 45
1606 45
1607 45
1608 46
1609 47
1610 47
1611 47
1612 46
1613 46
1614 43
1615 42
1616 42
1617 42
1618 43
1619 43
1620 43
1621 43
1622 43
1623 43
1624 43
1625 44
1626 43
1627 44
1628 44
1629 44
1630 44
1631 44
1632 44
1633 45
1634 44
1635 44
1636 43
1637 41
1638 39
1639 39
1640 39
1641 39
1642 40
1643 40
1644 41
1645 43
1646 43
1647 43
1648 44
1649 45
1650 45
1651 46
1652 46
1653 46
1654 46
1655 46
1656 46
1657 46
1658 45
1659 45
1660 45
1661 45
1662 45
1663 45
1664 45
1665 45
1666 44
1667 44
1668 46
1669 46
1670 47
1671 47
1672 46
1673 46
1674 46
1675 46
1676 46
1677 46
1678 46
1679 46
1680 45
1681 45
1682 45
1683 45
1684 45
1685 45
1686 45
1687 46
1688 46
1689 46
1690 46
1691 46
1692 46
1693 47
1694 47
1695 47
1696 47
1697 47
1698 46
1699 46
1700 46
1701 45
1702 46
1703 46
1704 45
1705 45
1706 45
1707 45
1708 45
1709 45
1710 45
1711 45
1712 45
1713 45
1714 45
1715 44
1716 44
1717 45
1718 45
1719 45
1720 45
1721 46
1722 46
1723 46
1724 46
1725 47
1726 48
1727 48
1728 48
1729 48
1730 46
1731 46
1732 46
1733 46
1734 46
1735 47
1736 47
1737 47
1738 48
1739 48
1740 48
1741 47
1742 47
1743 47
1744 47
1745 46
1746 47
1747 47
1748 47
1749 47
1750 47
1751 45
1752 45
1753 45
1754 45
1755 45
1756 45
1757 45
1758 45
1759 46
1760 46
1761 45
1762 44
1763 44
1764 45
1765 46
1766 46
1767 47
1768 47
1769 47
1770 45
1771 45
1772 45
1773 44
1774 45
1775 45
1776 44
1777 44
1778 44
1779 43
1780 43
1781 40
1782 38
1783 38
1784 39
1785 40
1786 40
1787 41
1788 40
1789 40
1790 39
1791 39
1792 39
1793 40
1794 40
1795 40
1796 41
1797 42
1798 42
1799 41
1800 39
1801 41
1802 41
1803 41
1804 42
1805 42
1806 42
1807 43
1808 44
1809 44
1810 44
1811 44
1812 44
1813 45
1814 44
1815 45
1816 45
1817 45
1818 44
1819 45
1820 45
1821 45
1822 44
1823 45
1824 45
1825 45
1826 45
1827 43
1828 44
1829 44
1830 44
1831 45
1832 45
1833 45
1834 45
1835 45
1836 46
1837 46
1838 46
1839 46
1840 45
1841 46
1842 46
1843 46
1844 45
1845 45
1846 45
1847 46
1848 46
1849 46
1850 46
1851 46
1852 46
1853 45
1854 45
1855 46
1856 45
1857 45
1858 45
1859 45
1860 46
1861 46
1862 46
1863 46
1864 46
1865 45
1866 44
1867 45
1868 45
1869 45
1870 45
1871 46
1872 46
1873 46
1874 47
1875 46
1876 46
1877 47
1878 47
1879 46
1880 46
1881 46
1882 47
1883 47
1884 46
1885 47
1886 47
1887 47
1888 47
1889 46
1890 46
1891 46
1892 46
1893 46
1894 46
1895 46
1896 46
1897 46
1898 45
1899 45
1900 45
1901 45
1902 45
1903 45
1904 45
1905 45
1906 44
1907 45
1908 44
1909 44
1910 44
1911 44
1912 44
1913 44
1914 44
1915 45
1916 45
1917 44
1918 44
1919 44
1920 45
1921 45
1922 45
1923 46
1924 45
1925 46
1926 47
1927 46
1928 47
1929 46
1930 46
1931 46
1932 46
1933 46
1934 46
1935 46
1936 46
1937 46
1938 45
1939 46
1940 46
1941 46
1942 45
1943 45
1944 46
1945 45
1946 45
1947 45
1948 45
1949 45
1950 45
1951 46
1952 46
1953 47
1954 47
1955 47
1956 47
1957 47
1958 46
1959 46
1960 46
1961 47
1962 47
1963 45
1964 44
1965 43
1966 43
1967 44
1968 44
1969 43
1970 41
1971 40
1972 38
1973 39
1974 39
1975 40
1976 41
1977 41
1978 42
1979 43
1980 43
1981 43
1982 43
1983 43
1984 44
1985 44
1986 45
1987 45
1988 45
1989 45
1990 45
1991 45
1992 45
1993 47
1994 48
1995 48
1996 47
1997 47
1998 47
1999 47
2000 46
2001 46
2002 44
2003 44
2004 45
2005 45
2006 45
2007 45
2008 46
2009 45
2010 45
2011 45
2012 45
2013 45
2014 45
2015 45
2016 45
2017 46
2018 47
2019 48
2020 48
2021 47
2022 48
2023 48
2024 47
2025 47
2026 47
2027 48
2028 47
2029 47
2030 47
2031 47
2032 47
2033 46
2034 46
2035 46
2036 46
2037 46
2038 46
2039 46
2040 45
2041 45
2042 45
2043 45
2044 44
2045 45
2046 45
2047 44
2048 44
2049 45
2050 45
2051 46
2052 46
2053 46
2054 46
2055 46
2056 46
2057 45
2058 45
2059 45
2060 45
2061 45
2062 45
2063 45
2064 45
2065 45
2066 45
2067 45
2068 45
2069 45
2070 45
2071 45
2072 45
2073 45
2074 45
2075 45
2076 45
2077 44
2078 44
2079 44
2080 44
2081 44
2082 44
2083 44
2084 44
2085 45
2086 44
2087 44
2088 44
2089 44
2090 44
2091 45
2092 45
