0 58
1 53
2 51
3 50
4 48
5 47
6 45
7 44
8 43
9 43
10 42
11 41
12 40
13 40
14 39
15 39
16 39
17 38
18 38
19 38
20 38
21 38
22 38
23 38
24 37
25 37
26 37
27 36
28 36
29 36
30 36
31 36
32 36
33 35
34 36
35 36
36 36
37 36
38 36
39 36
40 36
41 36
42 36
43 36
44 36
45 36
46 37
47 37
48 36
49 35
50 36
51 36
52 36
53 36
54 35
55 36
56 36
57 36
58 37
59 36
60 37
61 37
62 36
63 36
64 36
65 36
66 36
67 36
68 36
69 35
70 35
71 36
72 36
73 36
74 36
75 36
76 36
77 36
78 36
79 35
80 35
81 36
82 36
83 36
84 36
85 36
86 37
87 37
88 37
89 37
90 38
91 38
92 38
93 38
94 38
95 38
96 38
97 38
98 38
99 38
100 38
101 37
102 37
103 37
104 37
105 37
106 37
107 37
108 37
109 36
110 36
111 37
112 37
113 37
114 37
115 37
116 38
117 37
118 37
119 37
120 37
121 38
122 38
123 37
124 38
125 37
126 37
127 37
128 37
129 38
130 38
131 38
132 38
133 38
134 38
135 38
136 38
137 38
138 38
139 38
140 38
141 38
142 38
143 38
144 39
145 39
146 39
147 39
148 39
149 39
150 39
151 39
152 38
153 37
154 37
155 37
156 37
157 37
158 37
159 37
160 38
161 38
162 38
163 38
164 38
165 38
166 38
167 38
168 39
169 39
170 39
171 39
172 39
173 39
174 39
175 39
176 39
177 39
178 39
179 39
180 39
181 39
182 39
183 39
184 39
185 39
186 39
187 39
188 39
189 39
190 38
191 39
192 39
193 39
194 39
195 39
196 39
197 39
198 37
199 35
200 34
201 32
202 31
203 30
204 29
205 29
206 30
207 30
208 31
209 32
210 33
211 33
212 34
213 34
214 35
215 35
216 35
217 36
218 36
219 36
220 37
221 37
222 37
223 37
224 37
225 37
226 38
227 38
228 38
229 38
230 38
231 38
232 38
233 38
234 38
235 38
236 38
237 37
238 37
239 37
240 37
241 37
242 38
243 38
244 38
245 37
246 37
247 36
248 37
249 36
250 36
251 36
252 36
253 36
254 36
255 36
256 37
257 36
258 36
259 36
260 37
261 37
262 37
263 37
264 37
265 37
266 37
267 37
268 37
269 37
270 36
271 36
272 37
273 37
274 36
275 36
276 35
277 35
278 35
279 35
280 36
281 35
282 36
283 36
284 36
285 35
286 36
287 34
288 34
289 35
290 35
291 35
292 35
293 36
294 36
295 36
296 36
297 36
298 36
299 36
300 37
301 37
302 37
303 37
304 36
305 37
306 37
307 37
308 37
309 37
310 37
311 38
312 37
313 37
314 38
315 37
316 37
317 37
318 37
319 37
320 37
321 37
322 37
323 37
324 37
325 37
326 37
327 37
328 37
329 37
330 37
331 37
332 37
333 36
334 37
335 37
336 37
337 37
338 38
339 37
340 37
341 38
342 38
343 38
344 38
345 38
346 38
347 38
348 38
349 38
350 39
351 39
352 39
353 39
354 39
355 39
356 38
357 37
358 38
359 38
360 38
361 38
362 38
363 38
364 38
365 38
366 39
367 39
368 39
369 39
370 39
371 39
372 39
373 39
374 39
375 39
376 39
377 39
378 39
379 39
380 39
381 39
382 38
383 38
384 38
385 38
386 38
387 38
388 38
389 38
390 38
391 39
392 39
393 39
394 39
395 39
396 38
397 39
398 39
399 39
400 39
401 39
402 39
403 39
404 38
405 38
406 39
407 39
408 39
409 39
410 39
411 39
412 39
413 39
414 39
415 39
416 39
417 39
418 39
419 39
420 39
421 39
422 39
423 39
424 39
425 39
426 39
427 39
428 39
429 39
430 39
431 39
432 39
433 39
434 39
435 38
436 38
437 38
438 38
439 38
440 38
441 38
442 38
443 38
444 38
445 38
446 38
447 38
448 38
449 38
450 39
451 39
452 39
453 39
454 39
455 39
456 39
457 38
458 38
459 38
460 38
461 38
462 38
463 38
464 38
465 38
466 38
467 38
468 38
469 37
470 38
471 38
472 37
473 37
474 37
475 37
476 38
477 37
478 38
479 38
480 38
481 38
482 38
483 38
484 39
485 38
486 39
487 39
488 39
489 39
490 39
491 39
492 39
493 39
494 39
495 39
496 39
497 39
498 39
499 39
500 39
501 39
502 39
503 39
504 39
505 39
506 39
507 39
508 39
509 39
510 39
511 39
512 39
513 39
514 39
515 39
516 39
517 39
518 39
519 39
520 39
521 39
522 39
523 38
524 38
525 39
526 39
527 39
528 39
529 39
530 39
531 39
532 39
533 39
534 39
535 38
536 39
537 39
538 39
539 39
540 39
541 39
542 39
543 39
544 39
545 39
546 39
547 39
548 39
549 39
550 39
551 39
552 39
553 39
554 39
555 39
556 40
557 40
558 40
559 40
560 39
561 39
562 39
563 39
564 39
565 39
566 39
567 39
568 39
569 39
570 39
571 39
572 39
573 39
574 39
575 39
576 40
577 39
578 39
579 40
580 40
581 40
582 39
583 39
584 39
585 39
586 39
587 39
588 39
589 39
590 39
591 38
592 38
593 38
594 38
595 38
596 38
597 39
598 39
599 39
600 39
601 39
602 39
603 39
604 39
605 39
606 39
607 39
608 39
609 39
610 39
611 40
612 40
613 40
614 40
615 40
616 40
617 40
618 39
619 39
620 40
621 40
622 40
623 40
624 40
625 40
626 40
627 40
628 40
629 40
630 40
631 40
632 40
633 40
634 40
635 40
636 40
637 40
638 40
639 40
640 40
641 40
642 40
643 39
644 40
645 40
646 40
647 40
648 40
649 40
650 40
651 40
652 40
653 40
654 40
655 40
656 40
657 40
658 40
659 40
660 40
661 40
662 40
663 40
664 40
665 40
666 40
667 40
668 39
669 39
670 39
671 40
672 40
673 40
674 40
675 40
676 40
677 39
678 40
679 40
680 40
681 40
682 40
683 40
684 40
685 40
686 40
687 40
688 40
689 40
690 40
691 40
692 40
693 40
694 40
695 40
696 40
697 40
698 40
699 40
700 40
701 40
702 39
703 39
704 39
705 40
706 40
707 40
708 40
709 40
710 40
711 39
712 38
713 39
714 39
715 39
716 39
717 39
718 39
719 39
720 39
721 39
722 39
723 40
724 40
725 40
726 40
727 39
728 39
729 40
730 40
731 40
732 40
733 40
734 40
735 39
736 40
737 40
738 40
739 40
740 40
741 40
742 40
743 40
744 39
745 39
746 40
747 40
748 40
749 40
750 40
751 40
752 40
753 40
754 40
755 40
756 40
757 40
758 40
759 40
760 40
761 40
762 40
763 40
764 40
765 40
766 40
767 37
768 37
769 38
770 38
771 38
772 38
773 39
774 39
775 39
776 39
777 39
778 39
779 39
780 39
781 39
782 39
783 39
784 39
785 39
786 39
787 39
788 40
789 40
790 40
791 40
792 40
793 40
794 40
795 40
796 40
797 40
798 40
799 40
800 40
801 40
802 40
803 40
804 40
805 40
806 40
807 40
808 40
809 40
810 40
811 40
812 40
813 40
814 40
815 40
816 40
817 40
818 40
819 40
820 40
821 40
822 40
823 40
824 40
825 40
826 40
827 40
828 40
829 40
830 40
831 40
832 40
833 40
834 40
835 39
836 39
837 39
838 40
839 40
840 40
841 40
842 40
843 40
844 40
845 40
846 40
847 40
848 40
849 40
850 40
851 40
852 40
853 40
854 40
855 40
856 40
857 40
858 40
859 40
860 40
861 40
862 40
863 40
864 40
865 40
866 40
867 40
868 40
869 40
870 40
871 40
872 40
873 40
874 40
875 40
876 40
877 40
878 40
879 40
880 40
881 40
882 40
883 40
884 40
885 40
886 40
887 40
888 40
889 40
890 40
891 40
892 40
893 40
894 40
895 40
896 40
897 40
898 40
899 40
900 40
901 40
902 40
903 40
904 40
905 40
906 40
907 40
908 40
909 40
910 40
911 40
912 40
913 40
914 40
915 40
916 40
917 40
918 40
919 40
920 40
921 40
922 40
923 40
924 40
925 40
926 40
927 40
928 40
929 40
930 40
931 40
932 40
933 40
934 40
935 40
936 40
937 40
938 40
939 40
940 40
941 40
942 40
943 40
944 40
945 40
946 40
947 40
948 40
949 40
950 40
951 40
952 40
953 39
954 39
955 39
956 39
957 40
958 40
959 40
960 40
961 40
962 40
963 40
964 40
965 40
966 40
967 39
968 38
969 38
970 38
971 38
972 38
973 38
974 38
975 38
976 38
977 39
978 37
979 38
980 38
981 38
982 39
983 39
984 39
985 39
986 39
987 39
988 39
989 39
990 39
991 39
992 39
993 39
994 39
995 39
996 39
997 39
998 39
999 37
1000 35
1001 33
1002 32
1003 31
1004 30
1005 29
1006 28
1007 28
1008 27
1009 26
1010 26
1011 25
1012 25
1013 24
1014 24
1015 24
1016 23
