0 58
1 53
2 50
3 46
4 43
5 40
6 38
7 36
8 34
9 33
10 31
11 31
12 31
13 31
14 31
15 31
16 32
17 32
18 32
19 32
20 32
21 32
22 32
23 32
24 32
25 32
26 33
27 33
28 33
29 33
30 33
31 34
32 34
33 35
34 35
35 35
36 35
37 36
38 36
39 36
40 36
41 36
42 36
43 37
44 36
45 36
46 36
47 36
48 37
49 37
50 37
51 37
52 37
53 37
54 37
55 37
56 36
57 36
58 36
59 36
60 36
61 36
62 36
63 37
64 37
65 37
66 37
67 37
68 37
69 37
70 37
71 37
72 36
73 36
74 36
75 36
76 36
77 36
78 35
79 35
80 35
81 35
82 35
83 35
84 35
85 35
86 35
87 35
88 35
89 35
90 35
91 34
92 34
93 35
94 35
95 35
96 34
97 34
98 35
99 35
100 35
101 35
102 35
103 35
104 35
105 35
106 35
107 35
108 35
109 35
110 35
111 35
112 34
113 34
114 34
115 35
116 35
117 35
118 35
119 34
120 34
121 34
122 35
123 35
124 35
125 35
126 35
127 35
128 35
129 35
130 35
131 35
132 35
133 35
134 35
135 35
136 36
137 35
138 35
139 36
140 36
141 35
142 35
143 35
144 35
145 35
146 35
147 35
148 35
149 35
150 35
151 35
152 35
153 35
154 36
155 36
156 35
157 35
158 36
159 35
160 35
161 36
162 35
163 35
164 35
165 35
166 35
167 35
168 35
169 36
170 36
171 35
172 34
173 35
174 35
175 35
176 35
177 35
178 35
179 36
180 36
181 36
182 36
183 37
184 36
185 37
186 36
187 37
188 37
189 37
190 37
191 37
192 37
193 37
194 37
195 37
196 37
197 37
198 37
199 37
200 37
201 38
202 37
203 37
204 37
205 37
206 37
207 37
208 37
209 37
210 37
211 37
212 37
213 37
214 37
215 37
216 37
217 37
218 36
219 37
220 37
221 36
222 36
223 36
224 36
225 36
226 36
227 37
228 37
229 37
230 36
231 37
232 37
233 37
234 37
235 37
236 37
237 37
238 37
239 37
240 37
241 37
242 37
243 37
244 37
245 37
246 37
247 37
248 36
249 36
250 36
251 36
252 36
253 36
254 36
255 36
256 36
257 36
258 36
259 36
260 37
261 37
262 37
263 37
264 37
265 37
266 37
267 37
268 37
269 37
270 37
271 37
272 37
273 37
274 37
275 37
276 37
277 37
278 38
279 38
280 37
281 37
282 38
283 37
284 38
285 38
286 37
287 37
288 37
289 37
290 37
291 37
292 38
293 37
294 37
295 37
296 37
297 37
298 38
299 37
300 38
301 38
302 38
303 38
304 38
305 38
306 38
307 38
308 38
309 38
310 38
311 39
312 38
313 38
314 38
315 38
316 38
317 38
318 38
319 38
320 38
321 38
322 38
323 39
324 39
325 39
326 39
327 39
328 39
329 39
330 39
331 39
332 39
333 39
334 38
335 39
336 39
337 39
338 39
339 39
340 39
341 39
342 39
343 38
344 39
345 38
346 38
347 38
348 38
349 38
350 38
351 38
352 38
353 38
354 38
355 38
356 38
357 37
358 37
359 37
360 37
361 37
362 37
363 36
364 37
365 37
366 36
367 37
368 36
369 37
370 37
371 36
372 37
373 37
374 37
375 37
376 37
377 37
378 37
379 38
380 38
381 38
382 38
383 38
384 38
385 38
386 38
387 38
388 38
389 38
390 36
391 35
392 33
393 32
394 30
395 29
396 29
397 27
398 27
399 26
400 25
401 25
402 25
403 27
404 28
405 29
406 30
407 31
408 32
409 33
410 33
411 34
412 34
413 34
414 35
415 35
416 35
417 36
418 35
419 36
420 36
421 36
422 36
423 36
424 36
425 37
426 37
427 37
428 37
429 37
430 37
431 37
432 37
433 38
434 37
435 38
436 38
437 37
438 37
439 37
440 37
441 38
442 38
443 38
444 38
445 38
446 38
447 38
448 38
449 38
450 38
451 38
452 38
453 37
454 37
455 38
456 37
457 38
458 38
459 37
460 38
461 37
462 37
463 37
464 37
465 37
466 37
467 37
468 37
469 37
470 37
471 37
472 37
473 37
474 37
475 37
476 37
477 37
478 37
479 37
480 37
481 37
482 37
483 37
484 36
485 36
486 37
487 37
488 36
489 36
490 36
491 36
492 36
493 36
494 36
495 37
496 37
497 37
498 37
499 37
500 37
501 37
502 37
503 37
504 37
505 37
506 37
507 37
508 37
509 37
510 37
511 37
512 38
513 38
514 38
515 38
516 37
517 37
518 38
519 38
520 38
521 38
522 38
523 38
524 37
525 37
526 37
527 37
528 37
529 36
530 36
531 36
532 36
533 36
534 36
535 36
536 36
537 35
538 35
539 35
540 35
541 34
542 34
543 34
544 35
545 35
546 35
547 35
548 35
549 35
550 35
551 35
552 35
553 34
554 35
555 35
556 35
557 35
558 36
559 36
560 36
561 36
562 36
563 36
564 36
565 36
566 37
567 37
568 37
569 36
570 36
571 36
572 37
573 36
574 37
575 37
576 37
577 37
578 37
579 37
580 38
581 38
582 38
583 38
584 38
585 38
586 37
587 38
588 38
589 37
590 37
591 37
592 37
593 37
594 37
595 37
596 37
597 37
598 37
599 37
600 37
601 37
602 37
603 37
604 37
605 37
606 37
607 37
608 37
609 37
610 37
611 37
612 37
613 37
614 38
615 38
616 37
617 37
618 37
619 38
620 38
621 38
622 38
623 38
624 37
625 37
626 38
627 38
628 38
629 38
630 38
631 38
632 37
633 38
634 38
635 38
636 38
637 38
638 38
639 38
640 38
641 38
642 38
643 38
644 39
645 39
646 39
647 39
648 38
649 38
650 38
651 38
652 38
653 38
654 38
655 38
656 38
657 38
658 38
659 38
660 38
661 38
662 37
663 37
664 37
665 37
666 37
667 37
668 37
669 38
670 38
671 38
672 38
673 38
674 38
675 38
676 39
677 39
678 39
679 39
680 39
681 39
682 39
683 39
684 39
685 39
686 39
687 39
688 39
689 39
690 39
691 39
692 40
693 40
694 40
695 40
696 40
697 40
698 40
699 40
700 40
701 40
702 40
703 40
704 40
705 40
706 40
707 40
708 40
709 40
710 40
711 40
712 40
713 40
714 40
715 39
716 39
717 39
718 39
719 39
720 39
721 39
722 39
723 38
724 38
725 39
726 39
727 39
728 39
729 40
730 40
731 39
732 39
733 39
734 40
735 40
736 40
737 40
738 40
739 39
740 40
741 40
742 40
743 39
744 39
745 39
746 40
747 40
748 40
749 40
750 40
751 40
752 40
753 40
754 40
755 40
756 40
757 40
758 40
759 40
760 40
761 40
762 41
763 41
764 41
765 41
766 41
767 41
768 41
769 41
770 41
771 41
772 41
773 41
774 41
775 41
776 41
777 41
778 41
779 41
780 41
781 41
782 41
783 40
784 40
785 40
786 40
787 40
788 41
789 41
790 40
791 40
792 41
793 41
794 41
795 41
796 41
797 41
798 41
799 41
800 39
801 37
802 35
803 34
804 32
805 31
806 30
807 29
808 28
809 28
810 27
811 27
812 26
813 26
814 28
815 29
816 30
817 31
818 33
819 33
820 34
821 34
822 35
823 36
824 36
825 37
826 37
827 37
828 38
829 38
830 38
831 39
832 39
833 39
834 39
835 39
836 40
837 40
838 40
839 40
840 40
841 40
842 40
843 40
844 40
845 40
846 40
847 40
848 40
849 40
850 40
851 40
852 41
853 41
854 41
855 41
856 41
857 41
858 41
859 41
860 41
861 41
862 41
863 41
864 41
865 41
866 41
867 41
868 41
869 41
870 41
871 41
872 41
873 41
874 41
875 41
876 41
877 41
878 41
879 41
880 41
881 41
882 41
883 41
884 41
885 41
886 41
887 41
888 41
889 41
890 41
891 41
892 41
893 41
894 40
895 40
896 40
897 40
898 41
899 40
900 40
901 40
902 40
903 41
904 41
905 41
906 41
907 40
908 41
909 41
910 41
911 39
912 40
913 40
914 40
915 40
916 40
917 40
918 40
919 40
920 40
921 39
922 39
923 40
924 39
925 39
926 40
927 39
928 40
929 40
930 39
931 39
932 39
933 39
934 39
935 39
936 39
937 39
938 39
939 40
940 40
941 40
942 40
943 40
944 40
945 40
946 40
947 40
948 40
949 40
950 40
951 40
952 41
953 41
954 41
955 41
956 41
957 41
958 40
959 40
960 41
961 41
962 41
963 41
964 41
965 41
966 41
967 41
968 41
969 41
970 41
971 41
972 41
973 41
974 41
975 41
976 41
977 41
978 41
979 41
980 41
981 41
982 41
983 41
984 41
985 41
986 41
987 41
988 41
989 41
990 41
991 41
992 41
993 41
994 41
995 41
996 41
997 40
998 40
999 40
1000 40
1001 40
1002 40
1003 40
1004 40
1005 40
1006 40
1007 40
1008 40
1009 40
1010 40
1011 40
1012 41
1013 41
1014 41
1015 38
1016 37
1017 38
1018 38
1019 38
1020 38
1021 39
1022 39
1023 39
1024 39
1025 39
1026 40
1027 40
1028 40
1029 40
1030 40
1031 40
1032 40
1033 40
1034 40
1035 40
1036 40
1037 41
1038 41
1039 41
1040 41
1041 41
1042 40
1043 40
1044 41
1045 41
1046 41
1047 41
1048 41
1049 41
1050 41
1051 41
1052 41
1053 41
1054 41
1055 41
1056 41
1057 41
1058 41
1059 41
1060 41
1061 41
1062 41
1063 41
1064 41
1065 41
1066 41
1067 41
1068 41
1069 41
1070 41
1071 41
1072 41
1073 41
1074 41
1075 41
1076 41
1077 41
1078 40
1079 40
1080 40
1081 40
1082 40
1083 40
1084 40
1085 40
1086 40
1087 40
1088 40
1089 40
1090 40
1091 39
1092 39
1093 39
1094 39
1095 39
1096 39
1097 39
1098 39
1099 39
1100 39
1101 38
1102 38
1103 38
1104 38
1105 38
1106 38
1107 38
1108 38
1109 38
1110 38
1111 38
1112 38
1113 38
1114 38
1115 38
1116 38
1117 38
1118 38
1119 38
1120 38
1121 38
1122 38
1123 38
1124 38
1125 38
1126 38
1127 38
1128 38
1129 38
1130 38
1131 38
1132 38
1133 38
1134 37
1135 37
1136 37
1137 37
1138 37
1139 37
1140 37
1141 37
1142 37
1143 37
1144 37
1145 37
1146 37
1147 37
1148 38
1149 37
1150 37
1151 37
1152 37
1153 37
1154 38
1155 38
1156 38
1157 38
1158 38
1159 38
1160 38
1161 38
1162 38
1163 38
1164 38
1165 38
1166 38
1167 38
1168 38
1169 38
1170 38
1171 38
1172 38
1173 38
1174 38
1175 38
1176 38
1177 38
1178 38
1179 38
1180 38
1181 38
1182 38
1183 38
1184 38
1185 38
1186 38
1187 37
1188 37
1189 37
1190 37
1191 37
1192 37
1193 37
1194 37
1195 37
1196 37
1197 37
1198 37
1199 37
1200 37
1201 37
1202 38
1203 38
1204 38
1205 37
1206 37
1207 38
1208 38
1209 36
1210 37
1211 37
1212 36
1213 37
1214 37
1215 37
1216 37
1217 37
1218 38
1219 38
1220 38
1221 38
1222 39
1223 39
1224 39
1225 39
1226 40
1227 40
1228 40
1229 40
1230 40
1231 40
1232 40
1233 40
1234 40
1235 40
1236 40
1237 40
1238 40
1239 40
1240 40
1241 40
1242 40
1243 38
1244 36
1245 34
1246 33
1247 31
1248 30
1249 29
1250 28
1251 28
1252 27
1253 26
1254 25
1255 25
1256 25
1257 26
1258 27
1259 28
1260 29
1261 30
1262 30
1263 31
1264 32
1265 32
1266 33
1267 33
1268 34
1269 35
1270 35
1271 36
1272 36
1273 36
1274 37
1275 37
1276 37
1277 38
1278 38
1279 38
1280 38
1281 38
1282 38
1283 38
1284 38
1285 39
1286 39
1287 39
1288 39
1289 39
1290 39
1291 39
1292 39
1293 39
1294 39
1295 39
1296 40
1297 39
1298 39
1299 39
1300 39
1301 39
1302 39
1303 40
1304 40
1305 40
1306 40
1307 39
1308 40
1309 39
1310 40
1311 40
1312 40
1313 40
1314 40
1315 40
1316 39
1317 40
1318 40
1319 40
1320 40
1321 40
1322 40
1323 40
1324 40
1325 40
1326 40
1327 40
1328 40
1329 40
1330 40
1331 40
1332 39
1333 39
1334 39
1335 39
1336 39
1337 39
1338 39
1339 39
1340 38
1341 38
1342 38
1343 38
1344 38
1345 38
1346 38
1347 38
1348 38
1349 38
1350 38
1351 38
1352 38
1353 38
1354 37
1355 38
1356 38
1357 38
1358 38
1359 38
1360 38
1361 38
1362 38
1363 38
1364 38
1365 38
1366 38
1367 38
1368 38
1369 38
1370 37
1371 38
1372 37
1373 38
1374 38
1375 37
1376 37
1377 38
1378 38
1379 38
1380 38
1381 38
1382 39
1383 38
1384 38
1385 38
1386 38
1387 38
1388 38
1389 38
1390 38
1391 38
1392 38
1393 38
1394 38
1395 38
1396 38
1397 38
1398 38
1399 39
1400 39
1401 39
1402 38
1403 38
1404 38
1405 38
1406 38
1407 39
1408 39
1409 39
1410 39
1411 39
1412 38
1413 39
1414 39
1415 39
1416 39
1417 39
1418 39
1419 39
1420 39
1421 39
1422 39
1423 39
1424 39
1425 39
1426 39
1427 39
1428 37
1429 38
1430 38
1431 38
1432 38
1433 38
1434 38
1435 38
1436 38
1437 38
1438 39
1439 39
1440 39
1441 39
1442 39
1443 39
1444 39
1445 39
1446 39
1447 39
1448 39
1449 39
1450 39
1451 39
1452 39
1453 39
1454 39
1455 38
1456 39
1457 39
1458 38
1459 38
1460 38
1461 38
1462 38
1463 38
1464 38
1465 38
1466 38
1467 38
1468 38
1469 38
1470 37
1471 37
1472 38
1473 38
1474 38
1475 38
1476 38
1477 38
1478 38
1479 38
1480 38
1481 38
1482 38
1483 38
1484 38
1485 38
1486 38
1487 38
1488 38
1489 38
1490 38
1491 38
1492 38
1493 38
1494 38
1495 38
1496 38
1497 38
1498 38
1499 38
1500 38
1501 37
1502 37
1503 37
1504 37
1505 37
1506 37
1507 37
1508 38
1509 37
1510 38
1511 38
1512 38
1513 38
1514 39
1515 39
1516 39
1517 38
1518 38
1519 38
1520 39
1521 39
1522 39
1523 38
1524 38
1525 38
1526 38
1527 38
1528 38
1529 38
1530 39
1531 39
1532 39
1533 38
1534 38
1535 38
1536 38
1537 39
1538 39
1539 39
1540 39
1541 39
1542 39
1543 39
1544 39
1545 39
1546 39
1547 39
1548 38
1549 38
1550 38
1551 38
1552 38
1553 38
1554 38
1555 38
1556 38
1557 38
1558 38
1559 38
1560 38
1561 38
1562 38
1563 37
1564 37
1565 38
1566 37
1567 37
1568 37
1569 37
1570 38
1571 38
1572 38
1573 38
1574 38
1575 37
1576 38
1577 38
1578 38
1579 37
1580 37
1581 37
1582 37
1583 37
1584 37
1585 36
1586 36
1587 36
1588 36
1589 36
1590 36
1591 37
1592 37
1593 37
1594 37
1595 37
1596 37
1597 37
1598 37
1599 38
1600 38
1601 38
1602 38
1603 38
1604 38
1605 38
1606 38
1607 38
1608 39
1609 39
1610 39
1611 39
1612 39
1613 39
1614 39
1615 39
1616 39
1617 39
1618 39
1619 39
1620 39
1621 39
1622 38
1623 39
1624 39
1625 39
1626 39
1627 39
1628 39
1629 39
1630 39
1631 39
1632 39
1633 39
1634 39
1635 39
1636 39
1637 39
1638 39
1639 39
1640 39
1641 39
1642 39
1643 39
1644 40
1645 39
1646 39
1647 39
1648 39
1649 39
1650 39
1651 39
1652 39
1653 40
1654 39
1655 39
1656 39
1657 39
1658 39
1659 39
1660 39
1661 39
1662 39
1663 39
1664 38
1665 39
1666 39
1667 39
1668 39
1669 38
1670 38
1671 36
1672 34
1673 33
1674 32
1675 30
1676 29
1677 28
1678 27
1679 26
1680 26
1681 25
1682 25
1683 24
1684 24
1685 25
1686 27
1687 28
1688 29
1689 30
1690 30
1691 31
1692 32
1693 33
1694 34
1695 34
1696 35
1697 35
1698 35
1699 36
1700 36
1701 36
1702 37
1703 37
1704 37
1705 37
1706 37
1707 38
1708 38
1709 38
1710 38
1711 38
1712 39
1713 39
1714 39
