0 58
1 54
2 50
3 48
4 48
5 48
6 48
7 49
8 48
9 48
10 48
11 47
12 46
13 45
14 46
15 46
16 46
17 47
18 48
19 48
20 46
21 46
22 46
23 46
24 46
25 46
26 46
27 46
28 45
29 45
30 45
31 46
32 46
33 46
34 46
35 46
36 45
37 45
38 45
39 45
40 45
41 45
42 45
43 45
44 44
45 45
46 45
47 45
48 45
49 45
50 45
51 45
52 44
53 45
54 46
55 47
56 47
57 47
58 46
59 47
60 47
61 47
62 47
63 46
64 46
65 46
66 46
67 47
68 47
69 47
70 47
71 47
72 47
73 46
74 44
75 45
76 46
77 47
78 47
79 47
80 47
81 47
82 47
83 48
84 48
85 48
86 48
87 48
88 48
89 48
90 48
91 48
92 48
93 49
94 50
95 50
96 51
97 51
98 50
99 50
100 50
101 50
102 50
103 49
104 49
105 49
106 49
107 49
108 49
109 48
110 47
111 47
112 47
113 48
114 48
115 49
116 49
117 48
118 48
119 48
120 48
121 48
122 48
123 48
124 48
125 49
126 50
127 51
128 51
129 51
130 51
131 50
132 50
133 50
134 49
135 49
136 49
137 49
138 50
139 51
140 50
141 50
142 49
143 49
144 49
145 49
146 49
147 49
148 49
149 49
150 48
151 48
152 48
153 48
154 47
155 48
156 48
157 48
158 48
159 48
160 48
161 48
162 48
163 48
164 48
165 48
166 48
167 48
168 48
169 48
170 48
171 48
172 47
173 47
174 48
175 47
176 48
177 48
178 48
179 48
180 48
181 48
182 48
183 48
184 48
185 48
186 48
187 49
188 49
189 49
190 49
191 49
192 48
193 48
194 48
195 48
196 48
197 48
198 48
199 48
200 48
201 48
202 47
203 47
204 47
205 47
206 47
207 47
208 47
209 47
210 47
211 47
212 46
213 46
214 47
215 47
216 47
217 47
218 47
219 47
220 47
221 47
222 47
223 47
224 47
225 47
226 48
227 48
228 49
229 49
230 49
231 49
232 48
233 48
234 48
235 48
236 48
237 48
238 48
239 46
240 48
241 48
242 47
243 48
244 48
245 49
246 50
247 50
248 51
249 52
250 51
251 51
252 51
253 50
254 49
255 49
256 50
257 50
258 51
259 52
260 51
261 51
262 52
263 51
264 50
265 50
266 50
267 48
268 48
269 48
270 48
271 48
272 48
273 48
274 48
275 48
276 48
277 48
278 48
279 48
280 48
281 48
282 48
283 48
284 48
285 48
286 48
287 48
288 49
289 50
290 51
291 52
292 52
293 53
294 52
295 52
296 51
297 51
298 51
299 51
300 52
301 53
302 53
303 53
304 53
305 53
306 52
307 52
308 52
309 52
310 53
311 53
312 54
313 54
314 54
315 55
316 55
317 55
318 55
319 54
320 53
321 53
322 53
323 52
324 52
325 52
326 52
327 51
328 51
329 51
330 50
331 50
332 50
333 50
334 50
335 50
336 50
337 50
338 49
339 49
340 50
341 51
342 50
343 50
344 50
345 50
346 50
347 50
348 50
349 49
350 49
351 50
352 50
353 51
354 52
355 52
356 53
357 53
358 54
359 54
360 54
361 54
362 53
363 53
364 52
365 52
366 52
367 51
368 51
369 51
370 50
371 49
372 49
373 49
374 49
375 50
376 51
377 52
378 52
379 53
380 53
381 54
382 53
383 53
384 53
385 52
386 52
387 52
388 52
389 52
390 51
391 51
392 50
393 50
394 51
395 52
396 52
397 53
398 52
399 52
400 52
401 51
402 51
403 51
404 51
405 51
406 50
407 50
408 50
409 51
410 52
411 52
412 53
413 53
414 53
415 53
416 53
417 52
418 52
419 52
420 52
421 53
422 53
423 54
424 54
425 54
426 54
427 54
428 54
429 53
430 53
431 52
432 52
433 52
434 52
435 52
436 51
437 51
438 51
439 52
440 53
441 53
442 54
443 54
444 55
445 55
446 55
447 55
448 55
449 55
450 54
451 54
452 53
453 53
454 52
455 52
456 52
457 52
458 51
459 50
460 50
461 50
462 50
463 50
464 50
465 50
466 50
467 50
468 49
469 49
470 49
471 49
472 49
473 49
474 49
475 49
476 49
477 49
478 49
479 48
480 48
481 48
482 48
483 48
484 48
485 49
486 50
487 51
488 52
489 52
490 51
491 51
492 51
493 51
494 51
495 51
496 51
497 50
498 50
499 50
500 49
501 49
502 49
503 49
504 49
505 50
506 51
507 52
508 52
509 53
510 53
511 54
512 52
513 52
514 51
515 51
516 52
517 52
518 51
519 50
520 50
521 51
522 51
523 50
524 49
525 48
526 48
527 48
528 48
529 48
530 48
531 48
532 48
533 48
534 49
535 48
536 48
537 48
538 48
539 48
540 48
541 48
542 48
543 49
544 49
545 50
546 51
547 52
548 52
549 53
550 53
551 54
552 54
553 54
554 54
555 53
556 53
557 52
558 52
559 53
560 53
561 53
562 54
563 54
564 54
565 53
566 53
567 52
568 52
569 53
570 53
571 54
572 54
573 54
574 55
575 55
576 55
577 54
578 54
579 53
580 53
581 52
582 52
583 52
584 51
585 51
586 51
587 51
588 50
589 50
590 50
591 50
592 50
593 51
594 51
595 52
596 53
597 53
598 52
599 52
600 52
601 51
602 51
603 52
604 53
605 53
606 53
607 53
608 52
609 52
610 51
611 51
612 52
613 52
614 52
615 52
616 51
617 51
618 51
619 50
620 50
621 50
622 50
623 50
624 51
625 51
626 52
627 53
628 53
629 54
630 53
631 53
632 52
633 52
634 52
635 52
636 52
637 52
638 52
639 52
640 52
641 51
642 51
643 52
644 52
645 53
646 53
647 54
648 54
649 54
650 54
651 54
652 53
653 52
654 52
655 53
656 53
657 54
658 54
659 54
660 55
661 55
662 55
663 56
664 55
665 55
666 54
667 54
668 53
669 53
670 53
671 54
672 54
673 54
674 55
675 54
676 54
677 53
678 53
679 52
680 52
681 53
682 52
683 52
684 51
685 51
686 51
687 51
688 52
689 52
690 51
691 51
692 51
693 50
694 51
695 51
696 50
697 50
698 50
699 50
700 50
701 49
702 49
703 49
704 49
705 50
706 50
707 50
708 50
709 50
710 50
711 50
712 50
713 49
714 49
715 49
716 49
717 49
718 49
719 49
720 49
721 49
722 49
723 49
724 49
725 49
726 49
727 49
728 48
729 49
730 49
731 49
732 49
733 49
734 49
735 50
736 49
737 49
738 49
739 50
740 51
741 51
742 51
743 51
744 50
745 50
746 50
747 51
748 51
749 51
750 51
751 50
752 50
753 50
754 51
755 51
756 50
757 50
758 50
759 50
760 50
761 50
762 50
763 50
764 50
765 50
766 50
767 50
768 48
769 48
770 48
771 48
772 48
773 47
774 48
775 48
776 47
777 47
778 47
779 47
780 47
781 47
782 47
783 48
784 48
785 47
786 47
787 47
788 47
789 47
790 47
791 47
792 47
793 47
794 47
795 47
796 47
797 47
798 47
799 47
800 47
801 47
802 48
803 48
804 49
805 50
806 51
807 51
808 52
809 53
810 52
811 53
812 53
813 52
814 52
815 52
816 51
817 51
818 50
819 50
820 50
821 50
822 51
823 51
824 52
825 53
826 53
827 54
828 54
829 54
830 55
831 55
832 55
833 54
834 53
835 53
836 52
837 53
838 53
839 54
840 54
841 55
842 55
843 55
844 54
845 54
846 53
847 53
848 52
849 52
850 52
851 52
852 51
853 51
854 51
855 51
856 50
857 50
858 50
859 50
860 50
861 50
862 50
863 50
864 49
865 49
866 49
867 49
868 49
869 49
870 49
871 49
872 49
873 49
874 48
875 49
876 49
877 49
878 49
879 49
880 49
881 49
882 49
883 49
884 49
885 49
886 49
887 49
888 49
889 49
890 49
891 49
892 49
893 50
894 51
895 52
896 51
897 51
898 51
899 50
900 50
901 51
902 52
903 52
904 52
905 52
906 51
907 51
908 51
909 51
910 52
911 53
912 53
913 54
914 54
915 54
916 55
917 55
918 55
919 54
920 53
921 53
922 52
923 52
924 53
925 53
926 53
927 52
928 52
929 51
930 51
931 52
932 52
933 51
934 51
935 51
936 51
937 51
938 50
939 50
940 50
941 50
942 51
943 51
944 52
945 52
946 53
947 53
948 53
949 53
950 53
951 52
952 52
953 52
954 52
955 53
956 53
957 54
958 54
959 55
960 55
961 55
962 55
963 55
964 54
965 54
966 53
967 53
968 52
969 53
970 54
971 54
972 54
973 54
974 54
975 53
976 53
977 52
978 52
979 53
980 53
981 54
982 54
983 55
984 54
985 54
986 53
987 53
988 52
989 51
990 51
991 51
992 50
993 50
994 51
995 51
996 51
997 51
998 50
999 50
1000 50
1001 51
1002 52
1003 52
1004 53
1005 53
1006 53
1007 53
1008 53
1009 52
1010 52
1011 52
1012 52
1013 53
1014 54
1015 54
1016 54
1017 54
1018 54
1019 54
1020 53
1021 53
1022 52
1023 52
1024 52
1025 50
1026 50
1027 50
1028 50
1029 50
1030 49
1031 50
1032 50
1033 51
1034 52
1035 52
1036 51
1037 51
1038 50
1039 50
1040 50
1041 50
1042 48
1043 49
1044 49
1045 49
1046 49
1047 49
1048 48
1049 48
1050 48
1051 48
1052 48
1053 48
1054 48
1055 48
1056 48
1057 49
1058 49
1059 50
1060 50
1061 49
1062 49
1063 49
1064 49
1065 50
1066 51
1067 52
1068 52
1069 52
1070 52
1071 52
1072 51
1073 51
1074 51
1075 52
1076 52
1077 53
1078 52
1079 52
1080 51
1081 51
1082 51
1083 51
1084 51
1085 50
1086 50
1087 50
1088 50
1089 50
1090 50
1091 50
1092 50
1093 50
1094 51
1095 51
1096 52
1097 53
1098 53
1099 54
1100 54
1101 54
1102 54
1103 54
1104 53
1105 53
1106 52
1107 52
1108 52
1109 52
1110 51
1111 51
1112 51
1113 51
1114 51
1115 52
1116 52
1117 51
1118 51
1119 51
1120 50
1121 50
1122 50
1123 49
1124 49
1125 50
1126 50
1127 51
1128 52
1129 53
1130 53
1131 54
1132 54
1133 54
1134 54
1135 54
1136 53
1137 53
1138 53
1139 52
1140 52
1141 52
1142 51
1143 51
1144 51
1145 51
1146 51
1147 51
1148 51
1149 51
1150 50
1151 50
1152 51
1153 52
1154 53
1155 53
1156 53
1157 53
1158 54
1159 53
1160 53
1161 52
1162 52
1163 52
1164 52
1165 52
1166 52
1167 51
1168 51
1169 51
1170 51
1171 52
1172 53
1173 53
1174 54
1175 54
1176 55
1177 55
1178 55
1179 55
1180 54
1181 54
1182 53
1183 53
1184 52
1185 53
1186 54
1187 54
1188 54
1189 55
1190 54
1191 54
1192 53
1193 53
1194 53
1195 52
1196 53
1197 53
1198 54
1199 54
1200 55
1201 54
1202 54
1203 54
1204 53
1205 53
1206 52
1207 52
1208 52
1209 51
1210 51
1211 51
1212 51
1213 51
1214 52
1215 53
1216 53
1217 54
1218 54
1219 55
1220 55
1221 55
1222 55
1223 55
1224 55
1225 54
1226 54
1227 53
1228 53
1229 52
1230 52
1231 52
1232 52
1233 51
1234 51
1235 51
1236 50
1237 50
1238 50
1239 50
1240 50
1241 50
1242 50
1243 50
1244 49
1245 49
1246 50
1247 50
1248 50
1249 50
1250 50
1251 49
1252 49
1253 49
1254 49
1255 49
1256 49
1257 50
1258 51
1259 52
1260 52
1261 53
1262 53
1263 54
1264 54
1265 55
1266 54
1267 54
1268 53
1269 53
1270 53
1271 52
1272 52
1273 52
1274 52
1275 51
1276 51
1277 51
1278 50
1279 50
1280 50
1281 50
1282 50
1283 49
1284 48
1285 48
1286 48
1287 48
1288 48
1289 48
1290 48
1291 47
1292 47
1293 47
1294 47
1295 47
1296 47
1297 46
1298 47
1299 46
1300 46
1301 47
1302 48
1303 49
1304 50
1305 51
1306 52
1307 52
1308 51
1309 51
1310 49
1311 49
1312 49
1313 49
1314 49
1315 49
1316 50
1317 49
1318 49
1319 49
1320 49
1321 49
1322 50
1323 50
1324 50
1325 50
1326 50
1327 50
1328 50
1329 50
1330 50
1331 50
1332 50
1333 50
1334 50
1335 50
1336 50
1337 49
1338 49
1339 49
1340 50
1341 51
1342 52
1343 52
1344 53
1345 53
1346 54
1347 54
1348 55
1349 55
1350 55
1351 54
1352 54
1353 53
1354 53
1355 52
1356 53
1357 54
1358 54
1359 54
1360 55
1361 55
1362 55
1363 55
1364 54
1365 53
1366 53
1367 53
1368 52
1369 53
1370 53
1371 54
1372 53
1373 52
1374 52
1375 52
1376 52
1377 52
1378 52
1379 51
1380 51
1381 51
1382 51
1383 51
1384 50
1385 50
1386 50
1387 50
1388 50
1389 51
1390 51
1391 50
1392 50
1393 50
1394 50
1395 51
1396 52
1397 52
1398 53
1399 53
1400 54
1401 54
1402 55
1403 55
1404 55
1405 55
1406 55
1407 55
1408 54
1409 54
1410 53
1411 53
1412 52
1413 52
1414 52
1415 52
1416 51
1417 51
1418 51
1419 51
1420 51
1421 51
1422 51
1423 50
1424 50
1425 50
1426 49
1427 49
1428 50
1429 50
1430 51
1431 52
1432 52
1433 53
1434 53
1435 54
1436 54
1437 55
1438 54
1439 54
1440 53
1441 53
1442 52
1443 52
1444 53
1445 53
1446 54
1447 54
1448 55
1449 54
1450 55
1451 54
1452 54
1453 53
1454 52
1455 52
1456 53
1457 53
1458 54
1459 54
1460 54
1461 54
1462 53
1463 53
1464 52
1465 52
1466 52
1467 51
1468 51
1469 51
1470 51
1471 50
1472 50
1473 50
1474 50
1475 50
1476 50
1477 50
1478 51
1479 51
1480 51
1481 50
1482 50
1483 50
1484 51
1485 50
1486 50
1487 50
1488 50
1489 50
1490 51
1491 52
1492 52
1493 52
1494 52
1495 52
1496 51
1497 51
1498 51
1499 51
1500 51
1501 51
1502 51
1503 50
1504 50
1505 50
1506 51
1507 51
1508 50
1509 50
1510 49
1511 49
1512 49
1513 49
1514 49
1515 49
1516 50
1517 51
1518 52
1519 52
1520 53
1521 53
1522 54
1523 54
1524 55
1525 54
1526 54
1527 53
1528 53
1529 52
1530 52
1531 52
1532 52
1533 52
1534 51
1535 51
1536 51
1537 51
1538 52
1539 53
1540 53
1541 53
1542 52
1543 51
1544 51
1545 52
1546 52
1547 52
1548 52
1549 51
1550 51
1551 49
1552 49
1553 49
1554 49
1555 50
1556 51
1557 51
1558 51
1559 51
1560 50
1561 50
1562 49
1563 49
1564 49
1565 48
1566 47
1567 48
1568 48
1569 48
1570 48
1571 48
1572 48
1573 48
1574 48
1575 49
1576 50
1577 50
1578 50
1579 50
1580 50
1581 50
1582 50
1583 51
1584 52
1585 52
1586 53
1587 53
1588 53
1589 53
1590 54
1591 53
1592 53
1593 52
1594 52
1595 51
1596 51
1597 51
1598 50
1599 50
1600 50
1601 50
1602 50
1603 50
1604 49
1605 50
1606 50
1607 50
1608 49
1609 49
1610 49
1611 49
1612 49
1613 49
1614 49
1615 49
1616 49
1617 49
1618 49
1619 49
1620 49
1621 49
1622 49
1623 49
1624 49
1625 49
1626 49
1627 50
1628 51
1629 51
1630 52
1631 51
1632 51
1633 51
1634 50
1635 50
1636 51
1637 51
1638 51
1639 50
1640 50
1641 50
1642 50
1643 50
1644 50
1645 49
1646 49
1647 50
1648 49
1649 49
1650 49
1651 49
1652 49
1653 49
1654 49
1655 49
1656 49
1657 49
1658 50
1659 50
1660 49
1661 49
1662 49
1663 49
1664 49
1665 49
1666 49
1667 49
1668 49
1669 50
1670 51
1671 51
1672 52
1673 51
1674 51
1675 51
1676 51
1677 51
1678 51
1679 52
1680 52
1681 53
1682 53
1683 53
1684 53
1685 52
1686 52
1687 52
1688 51
1689 52
1690 52
1691 53
1692 52
1693 52
1694 51
1695 51
1696 52
1697 52
1698 53
1699 53
1700 54
1701 54
1702 55
1703 55
1704 55
1705 56
1706 55
1707 54
1708 53
1709 53
1710 53
1711 52
1712 52
1713 52
1714 51
1715 51
1716 50
1717 50
1718 50
1719 50
1720 50
1721 50
1722 51
1723 50
1724 50
1725 50
1726 49
1727 50
1728 49
1729 49
1730 49
1731 49
1732 49
1733 50
1734 51
1735 52
1736 52
1737 53
1738 53
1739 53
1740 52
1741 52
1742 51
1743 51
1744 52
1745 53
1746 53
1747 54
1748 54
1749 54
1750 54
1751 54
1752 54
1753 53
1754 53
1755 52
1756 52
1757 53
1758 53
1759 54
1760 53
1761 52
1762 52
1763 52
1764 51
1765 52
1766 53
1767 53
1768 52
1769 52
1770 51
1771 51
1772 51
1773 50
1774 50
1775 50
1776 50
1777 50
1778 50
1779 50
1780 50
1781 49
1782 49
1783 50
1784 51
1785 52
1786 53
1787 53
1788 54
1789 54
1790 54
1791 55
1792 55
1793 55
1794 55
1795 54
1796 53
1797 52
1798 52
1799 52
1800 52
1801 50
1802 50
1803 50
1804 50
1805 49
1806 49
1807 50
1808 49
1809 48
1810 48
1811 49
1812 50
1813 49
1814 49
1815 48
1816 48
1817 48
1818 48
1819 48
1820 48
1821 49
1822 50
1823 49
1824 49
1825 49
1826 49
1827 49
1828 49
1829 48
1830 48
1831 48
1832 49
1833 48
1834 48
1835 48
1836 48
1837 48
1838 48
1839 48
1840 48
1841 48
1842 49
1843 48
1844 48
1845 48
1846 49
1847 50
1848 50
1849 51
1850 51
1851 52
1852 52
1853 53
1854 53
1855 52
1856 52
1857 51
1858 51
1859 52
1860 53
1861 53
1862 54
1863 54
1864 54
1865 55
1866 55
1867 54
1868 54
1869 53
1870 53
1871 52
1872 52
1873 52
1874 52
1875 51
1876 51
1877 51
1878 50
1879 50
1880 50
1881 50
1882 50
1883 50
1884 50
1885 50
1886 50
1887 49
1888 49
1889 50
1890 50
1891 50
1892 50
1893 50
1894 50
1895 50
1896 50
1897 50
1898 50
1899 50
1900 50
1901 50
1902 49
1903 49
1904 49
1905 49
1906 49
1907 50
1908 51
1909 50
1910 50
1911 50
1912 50
1913 49
1914 49
1915 49
1916 49
1917 49
1918 49
1919 49
1920 49
1921 49
1922 49
1923 49
1924 50
1925 51
1926 52
1927 52
1928 53
1929 53
1930 53
1931 53
1932 52
1933 52
1934 52
1935 51
1936 51
1937 51
1938 50
1939 50
1940 50
1941 50
1942 50
1943 50
1944 50
1945 50
1946 50
1947 50
1948 50
1949 50
1950 50
1951 50
1952 50
1953 51
1954 51
1955 52
1956 53
1957 53
1958 54
1959 54
1960 55
1961 55
1962 55
1963 55
1964 55
1965 54
1966 54
1967 53
1968 53
1969 52
1970 53
1971 54
1972 54
1973 54
1974 53
1975 53
1976 53
1977 52
1978 52
1979 53
1980 53
1981 53
1982 54
1983 54
1984 54
1985 53
1986 53
1987 52
1988 52
1989 52
1990 52
1991 52
1992 51
1993 51
1994 51
1995 50
1996 50
1997 50
1998 50
1999 50
2000 50
2001 50
2002 50
2003 50
2004 50
2005 49
2006 49
2007 49
2008 49
2009 49
2010 49
2011 49
2012 49
2013 49
2014 49
2015 49
2016 49
2017 49
2018 49
2019 49
2020 49
2021 49
2022 50
2023 50
2024 51
2025 51
2026 51
2027 51
2028 51
2029 50
2030 50
2031 51
2032 52
2033 52
2034 53
2035 53
2036 54
2037 54
2038 54
2039 53
2040 53
2041 53
2042 52
2043 52
2044 53
2045 53
2046 54
2047 54
2048 55
2049 54
2050 54
2051 53
2052 52
2053 52
2054 53
2055 53
2056 52
2057 52
2058 52
2059 51
2060 49
2061 49
2062 49
2063 50
2064 51
2065 52
2066 52
2067 52
2068 52
2069 51
2070 51
2071 49
2072 49
2073 49
2074 49
2075 49
2076 50
2077 51
2078 50
2079 50
2080 49
2081 49
2082 49
2083 49
2084 48
2085 48
2086 48
2087 48
2088 49
2089 48
2090 48
2091 47
2092 47
2093 47
2094 48
2095 48
2096 48
2097 48
2098 48
2099 48
2100 49
2101 49
2102 49
2103 49
2104 49
2105 49
2106 49
2107 49
2108 49
2109 49
2110 49
2111 49
2112 49
2113 49
2114 49
2115 49
2116 49
2117 50
2118 51
2119 51
2120 52
2121 53
2122 53
2123 53
2124 53
2125 52
2126 52
2127 52
2128 51
2129 52
2130 53
2131 53
2132 54
2133 53
2134 54
2135 53
2136 53
2137 52
2138 52
2139 52
2140 53
2141 53
2142 54
2143 54
2144 54
2145 54
2146 53
2147 53
2148 52
2149 52
2150 52
2151 51
2152 51
2153 51
2154 51
2155 50
2156 50
2157 50
2158 50
2159 50
2160 50
2161 50
2162 51
2163 51
2164 52
2165 51
2166 51
2167 51
2168 51
2169 51
2170 51
2171 52
2172 53
2173 53
2174 54
2175 54
2176 55
2177 54
2178 54
2179 53
2180 53
2181 52
2182 52
2183 53
2184 53
2185 54
2186 54
2187 55
2188 54
2189 53
2190 53
2191 53
2192 52
2193 52
2194 52
2195 51
2196 51
2197 51
2198 51
2199 51
2200 51
2201 51
2202 51
2203 51
2204 50
2205 50
2206 51
2207 52
2208 53
2209 53
2210 52
2211 52
2212 52
2213 51
2214 51
2215 51
2216 51
2217 51
2218 51
2219 50
2220 50
2221 49
2222 49
2223 49
2224 49
2225 50
2226 50
2227 50
2228 50
2229 49
2230 49
2231 50
2232 50
2233 49
2234 49
2235 49
2236 49
2237 49
2238 49
2239 49
2240 49
2241 49
2242 50
2243 51
2244 51
2245 52
2246 53
2247 53
2248 54
2249 54
2250 55
2251 55
2252 55
2253 55
2254 54
2255 54
2256 53
2257 53
2258 53
2259 53
2260 54
2261 54
2262 54
2263 55
2264 54
2265 54
2266 54
2267 53
2268 53
2269 52
2270 52
2271 52
2272 52
2273 51
2274 51
2275 51
2276 52
2277 52
2278 53
2279 53
2280 54
2281 54
2282 54
2283 53
2284 53
2285 52
2286 52
2287 52
2288 51
2289 51
2290 51
2291 51
2292 51
2293 51
2294 52
2295 53
2296 53
2297 52
2298 52
2299 52
2300 51
2301 51
2302 52
2303 53
2304 53
2305 54
2306 54
2307 54
2308 54
2309 54
2310 52
2311 52
2312 52
2313 52
2314 53
2315 52
2316 52
2317 50
2318 50
2319 50
2320 50
2321 49
2322 50
2323 50
2324 50
2325 50
2326 49
2327 49
2328 49
2329 49
2330 49
2331 48
2332 48
2333 48
2334 48
2335 48
2336 47
2337 47
2338 47
2339 47
2340 48
2341 48
2342 48
2343 48
2344 48
2345 48
2346 49
2347 49
2348 49
2349 49
2350 49
2351 49
2352 49
2353 50
2354 51
2355 52
2356 52
2357 53
2358 53
2359 54
2360 54
2361 54
2362 53
2363 53
2364 53
2365 52
2366 52
2367 52
2368 53
2369 52
2370 52
2371 52
2372 51
2373 51
2374 52
2375 53
2376 51
2377 51
2378 51
2379 51
2380 51
2381 51
2382 50
2383 50
2384 50
2385 50
2386 50
2387 50
2388 50
2389 50
2390 50
2391 50
2392 50
2393 49
2394 49
2395 49
2396 49
2397 49
2398 50
2399 51
2400 51
2401 51
2402 50
2403 50
2404 50
2405 51
2406 52
2407 52
2408 53
2409 53
2410 53
2411 53
2412 52
2413 52
2414 51
2415 51
2416 52
2417 52
2418 51
2419 51
2420 51
2421 51
2422 52
2423 52
2424 52
2425 53
2426 50
2427 47
2428 45
2429 43
2430 41
2431 39
2432 38
2433 36
2434 35
2435 35
2436 36
2437 37
2438 39
2439 39
2440 41
2441 41
2442 42
2443 43
2444 43
2445 44
2446 44
2447 45
2448 45
2449 45
2450 46
2451 47
2452 48
2453 49
2454 50
2455 50
2456 50
2457 50
2458 49
2459 50
2460 50
2461 51
2462 52
2463 52
2464 53
2465 53
2466 54
2467 54
2468 54
2469 54
2470 53
2471 53
2472 52
2473 52
2474 53
2475 53
2476 53
2477 54
2478 54
2479 55
2480 54
2481 54
2482 53
2483 53
2484 52
2485 52
2486 51
2487 51
2488 51
2489 50
2490 50
2491 50
2492 49
2493 49
2494 49
2495 50
2496 51
2497 52
2498 52
2499 53
2500 53
2501 53
2502 53
2503 52
2504 52
2505 51
2506 51
2507 51
2508 51
2509 51
2510 50
2511 50
2512 50
2513 50
2514 50
2515 49
2516 49
2517 50
2518 51
2519 52
2520 51
2521 51
2522 50
2523 50
2524 51
2525 52
2526 52
2527 53
2528 53
2529 53
2530 52
2531 52
2532 52
2533 51
2534 50
2535 50
2536 50
2537 50
2538 50
2539 51
2540 51
2541 52
2542 53
2543 53
2544 53
2545 52
2546 52
2547 52
2548 51
2549 51
2550 51
2551 50
2552 50
2553 50
2554 49
2555 49
2556 49
