0 58
1 55
2 54
3 54
4 53
5 52
6 51
7 51
8 50
9 50
10 49
11 49
12 48
13 48
14 48
15 47
16 47
17 48
18 47
19 47
20 47
21 47
22 46
23 46
24 46
25 46
26 46
27 46
28 46
29 45
30 45
31 45
32 44
33 45
34 45
35 45
36 44
37 44
38 44
39 44
40 44
41 44
42 45
43 45
44 45
45 45
46 45
47 45
48 45
49 45
50 45
51 45
52 45
53 45
54 45
55 45
56 46
57 45
58 45
59 46
60 46
61 46
62 46
63 46
64 46
65 45
66 46
67 45
68 45
69 46
70 46
71 46
72 46
73 46
74 46
75 46
76 46
77 45
78 45
79 45
80 45
81 45
82 45
83 45
84 45
85 45
86 44
87 44
88 44
89 44
90 44
91 44
92 45
93 45
94 45
95 45
96 45
97 45
98 45
99 45
100 46
101 46
102 46
103 46
104 46
105 47
106 47
107 47
108 47
109 47
110 48
111 49
112 49
113 49
114 49
115 49
116 48
117 48
118 48
119 48
120 48
121 48
122 48
123 47
124 48
125 48
126 48
127 48
128 48
129 48
130 48
131 48
132 47
133 47
134 48
135 48
136 47
137 47
138 47
139 48
140 49
141 49
142 48
143 48
144 48
145 48
146 48
147 48
148 48
149 48
150 49
151 49
152 49
153 49
154 49
155 49
156 48
157 48
158 48
159 48
160 47
161 47
162 47
163 47
164 48
165 47
166 47
167 47
168 47
169 47
170 47
171 47
172 48
173 49
174 50
175 50
176 49
177 49
178 49
179 48
180 48
181 48
182 48
183 48
184 48
185 48
186 47
187 48
188 47
189 47
190 47
191 47
192 48
193 49
194 49
195 48
196 48
197 48
198 48
199 48
200 48
201 48
202 49
203 49
204 50
205 50
206 50
207 49
208 48
209 48
210 48
211 48
212 49
213 50
214 50
215 50
216 50
217 49
218 49
219 50
220 50
221 50
222 50
223 49
224 49
225 49
226 49
227 49
228 48
229 48
230 48
231 48
232 48
233 48
234 49
235 50
236 49
237 49
238 48
239 48
240 48
241 48
242 48
243 48
244 48
245 48
246 48
247 48
248 47
249 47
250 47
251 47
252 47
253 47
254 47
255 47
256 47
257 48
258 48
259 48
260 48
261 48
262 48
263 48
264 48
265 48
266 48
267 49
268 49
269 49
270 48
271 48
272 48
273 49
274 49
275 48
276 48
277 48
278 48
279 48
280 48
281 48
282 48
283 49
284 50
285 49
286 49
287 49
288 49
289 49
290 49
291 49
292 48
293 48
294 49
295 49
296 49
297 49
298 49
299 48
300 48
301 48
302 48
303 48
304 48
305 48
306 48
307 48
308 48
309 47
310 47
311 47
312 47
313 47
314 47
315 47
316 47
317 48
318 48
319 47
320 47
321 48
322 48
323 48
324 48
325 48
326 48
327 47
328 47
329 47
330 47
331 47
332 47
333 47
334 47
335 48
336 48
337 48
338 48
339 47
340 47
341 47
342 47
343 47
344 48
345 48
346 48
347 48
348 48
349 48
350 48
351 48
352 48
353 48
354 48
355 48
356 48
357 48
358 48
359 48
360 48
361 47
362 47
363 47
364 47
365 47
366 47
367 48
368 47
369 46
370 47
371 48
372 49
373 49
374 50
375 50
376 50
377 49
378 49
379 49
380 48
381 48
382 48
383 48
384 48
385 48
386 48
387 48
388 49
389 50
390 49
391 49
392 49
393 49
394 49
395 48
396 48
397 48
398 48
399 49
400 49
401 49
402 49
403 48
404 49
405 48
406 48
407 48
408 48
409 49
410 49
411 49
412 49
413 49
414 49
415 49
416 50
417 50
418 50
419 50
420 49
421 49
422 49
423 49
424 49
425 49
426 49
427 49
428 49
429 49
430 48
431 48
432 48
433 48
434 48
435 48
436 48
437 48
438 48
439 48
440 48
441 47
442 47
443 47
444 47
445 47
446 47
447 47
448 48
449 48
450 49
451 50
452 48
453 48
454 48
455 48
456 48
457 48
458 47
459 47
460 46
461 46
462 46
463 46
464 46
465 45
466 46
467 46
468 47
469 48
470 49
471 49
472 48
473 48
474 48
475 48
476 48
477 48
478 48
479 48
480 48
481 48
482 48
483 48
484 48
485 48
486 48
487 47
488 48
489 49
490 49
491 50
492 49
493 49
494 49
495 49
496 49
497 49
498 49
499 47
500 47
501 47
502 47
503 47
504 47
505 47
506 47
507 47
508 47
509 47
510 47
511 47
512 46
513 47
514 47
515 48
516 48
517 48
518 48
519 48
520 48
521 48
522 48
523 48
524 48
525 48
526 49
527 49
528 49
529 48
530 48
531 48
532 48
533 48
534 48
535 48
536 48
537 48
538 48
539 48
540 49
541 49
542 49
543 48
544 48
545 48
546 49
547 50
548 50
549 50
550 49
551 49
552 49
553 49
554 48
555 48
556 48
557 49
558 49
559 48
560 48
561 48
562 48
563 48
564 48
565 48
566 48
567 48
568 48
569 48
570 48
571 48
572 48
573 48
574 48
575 48
576 48
577 48
578 48
579 48
580 48
581 48
582 48
583 48
584 48
585 48
586 48
587 48
588 48
589 48
590 49
591 49
592 50
593 49
594 49
595 49
596 49
597 50
598 50
599 51
600 51
601 51
602 51
603 50
604 50
605 50
606 50
607 50
608 50
609 49
610 49
611 49
612 49
613 48
614 48
615 48
616 48
617 48
618 48
619 49
620 50
621 50
622 50
623 50
624 49
625 49
626 50
627 51
628 51
629 52
630 52
631 51
632 51
633 51
634 50
635 50
636 49
637 49
638 49
639 50
640 50
641 50
642 50
643 49
644 49
645 49
646 49
647 49
648 49
649 49
650 49
651 49
652 49
653 49
654 49
655 48
656 48
657 48
658 48
659 48
660 47
661 47
662 47
663 48
664 49
665 49
666 49
667 49
668 49
669 49
670 50
671 50
672 51
673 51
674 50
675 50
676 49
677 49
678 49
679 49
680 49
681 49
682 49
683 50
684 49
685 49
686 48
687 48
688 48
689 48
690 48
691 48
692 48
693 48
694 48
695 48
696 48
697 48
698 48
699 48
700 48
701 48
702 48
703 48
704 48
705 48
706 48
707 48
708 48
709 48
710 48
711 49
712 49
713 48
714 48
715 48
716 48
717 48
718 46
719 46
720 47
721 47
722 47
723 48
724 49
725 49
726 48
727 48
728 48
729 49
730 50
731 50
732 50
733 50
734 50
735 49
736 49
737 49
738 49
739 48
740 49
741 49
742 49
743 48
744 48
745 49
746 50
747 49
748 49
749 48
750 48
751 47
752 47
753 47
754 47
755 47
756 47
757 45
758 46
759 46
760 47
761 47
762 47
763 47
764 47
765 48
766 47
767 47
768 47
769 47
770 48
771 48
772 48
773 48
774 48
775 48
776 48
777 48
778 48
779 48
780 48
781 48
782 48
783 48
784 48
785 48
786 48
787 48
788 48
789 48
790 49
791 49
792 49
793 49
794 48
795 48
796 49
797 49
798 48
799 48
800 48
801 49
802 50
803 50
804 50
805 49
806 48
807 48
808 48
809 48
810 48
811 48
812 48
813 48
814 48
815 48
816 48
817 48
818 48
819 48
820 49
821 49
822 50
823 50
824 50
825 50
826 49
827 49
828 49
829 49
830 49
831 47
832 47
833 47
834 47
835 48
836 48
837 48
838 47
839 48
840 48
841 48
842 48
843 48
844 48
845 47
846 47
847 47
848 47
849 47
850 47
851 47
852 47
853 48
854 47
855 47
856 47
857 48
858 48
859 47
860 47
861 47
862 48
863 48
864 48
865 48
866 48
867 48
868 47
869 47
870 47
871 48
872 48
873 49
874 49
875 49
876 49
877 49
878 48
879 48
880 48
881 48
882 48
883 48
884 48
885 48
886 48
887 49
888 49
889 49
890 49
891 49
892 48
893 48
894 48
895 48
896 48
897 48
898 48
899 48
900 48
901 48
902 48
903 48
904 48
905 48
906 48
907 48
908 47
909 47
910 47
911 48
912 48
913 48
914 48
915 48
916 48
917 48
918 47
919 48
920 48
921 49
922 49
923 50
924 50
925 49
926 49
927 49
928 49
929 48
930 48
931 48
932 49
933 50
934 50
935 51
936 51
937 51
938 51
939 50
940 50
941 50
942 49
943 49
944 49
945 49
946 49
947 49
948 49
949 48
950 48
951 48
952 47
953 48
954 48
955 49
956 49
957 49
958 49
959 49
960 48
961 48
962 48
963 48
964 48
965 48
966 48
967 48
968 48
969 49
970 49
971 48
972 48
973 48
974 48
975 49
976 48
977 48
978 48
979 48
980 48
981 48
982 48
983 48
984 48
985 48
986 48
987 48
988 48
989 48
990 48
991 48
992 48
993 48
994 49
995 50
996 50
997 51
998 51
999 50
1000 50
1001 49
1002 49
1003 49
1004 49
1005 49
1006 49
1007 48
1008 48
1009 48
1010 48
1011 48
1012 48
1013 47
1014 47
1015 47
1016 47
1017 47
1018 47
1019 47
1020 47
1021 47
1022 47
1023 48
1024 48
1025 48
1026 48
1027 48
1028 48
1029 48
1030 48
1031 47
1032 47
1033 47
1034 47
1035 47
1036 47
1037 48
1038 48
1039 48
1040 48
1041 47
1042 47
1043 47
1044 47
1045 47
1046 47
1047 47
1048 47
1049 47
1050 48
1051 47
1052 47
1053 47
1054 47
1055 48
1056 49
1057 49
1058 49
1059 49
1060 48
1061 48
1062 48
1063 48
1064 48
1065 48
1066 48
1067 48
1068 48
1069 48
1070 48
1071 48
1072 48
1073 45
1074 45
1075 46
1076 46
1077 46
1078 46
1079 45
1080 45
1081 45
1082 46
1083 45
1084 45
1085 46
1086 46
1087 45
1088 45
1089 45
1090 45
1091 46
1092 45
1093 45
1094 46
1095 45
1096 45
1097 45
1098 45
1099 45
1100 45
1101 45
1102 46
1103 47
1104 48
1105 49
1106 50
1107 50
1108 50
1109 49
1110 49
1111 49
1112 50
1113 50
1114 50
1115 50
1116 49
1117 49
1118 49
1119 49
1120 48
1121 48
1122 49
1123 50
1124 51
1125 51
1126 51
1127 51
1128 50
1129 50
1130 50
1131 50
1132 49
1133 49
1134 49
1135 49
1136 49
1137 48
1138 48
1139 48
1140 49
1141 48
1142 48
1143 48
1144 48
1145 48
1146 48
1147 48
1148 48
1149 48
1150 48
1151 48
1152 48
1153 48
1154 49
1155 50
1156 50
1157 50
1158 50
1159 50
1160 49
1161 49
1162 49
1163 48
1164 48
1165 48
1166 48
1167 48
1168 48
1169 48
1170 48
1171 48
1172 48
1173 48
1174 48
1175 49
1176 49
1177 48
1178 48
1179 48
1180 48
1181 48
1182 48
1183 48
1184 48
1185 49
1186 50
1187 50
1188 51
1189 51
1190 50
1191 50
1192 49
1193 49
1194 49
1195 49
1196 49
1197 49
1198 49
1199 49
1200 48
1201 48
1202 48
1203 48
1204 48
1205 48
1206 48
1207 48
1208 48
1209 48
1210 48
1211 48
1212 48
1213 48
1214 48
1215 48
1216 48
1217 48
1218 48
1219 48
1220 48
1221 48
1222 48
1223 47
1224 47
1225 48
1226 48
1227 48
1228 48
1229 48
1230 48
1231 48
1232 48
1233 48
1234 48
1235 48
1236 47
1237 47
1238 47
1239 48
1240 48
1241 48
1242 48
1243 47
1244 48
1245 48
1246 47
1247 47
1248 48
1249 49
1250 49
1251 50
1252 51
1253 50
1254 50
1255 49
1256 49
1257 50
1258 50
1259 49
1260 49
1261 49
1262 50
1263 50
1264 50
1265 50
1266 50
1267 49
1268 49
1269 50
1270 50
1271 49
1272 49
1273 49
1274 48
1275 48
1276 48
1277 48
1278 49
1279 50
1280 50
1281 50
1282 50
1283 50
1284 49
1285 49
1286 49
1287 49
1288 48
1289 49
1290 49
1291 49
1292 48
1293 48
1294 48
1295 48
1296 48
1297 48
1298 48
1299 48
1300 48
1301 48
1302 48
1303 48
1304 47
1305 47
1306 47
1307 47
1308 47
1309 47
1310 47
1311 48
1312 48
1313 49
1314 50
1315 50
1316 49
1317 49
1318 49
1319 48
1320 48
1321 48
1322 47
1323 47
1324 47
1325 47
1326 46
1327 46
1328 46
1329 46
1330 46
1331 47
1332 47
1333 46
1334 46
1335 45
1336 46
1337 45
1338 46
1339 45
1340 45
1341 45
1342 46
1343 45
1344 45
1345 45
1346 45
1347 45
1348 45
1349 45
1350 45
1351 46
1352 46
1353 45
1354 46
1355 46
1356 46
1357 46
1358 46
1359 47
1360 47
1361 47
1362 47
1363 47
1364 47
1365 47
1366 47
1367 47
1368 48
1369 49
1370 50
1371 49
1372 49
1373 49
1374 49
1375 49
1376 49
1377 48
1378 48
1379 48
1380 49
1381 50
1382 50
1383 50
1384 49
1385 49
1386 48
1387 48
1388 48
1389 48
1390 49
1391 50
1392 50
1393 51
1394 51
1395 51
1396 50
1397 50
1398 50
1399 51
1400 50
1401 50
1402 50
1403 50
1404 50
1405 49
1406 49
1407 49
1408 49
1409 49
1410 50
1411 50
1412 50
1413 50
1414 49
1415 49
1416 48
1417 48
1418 48
1419 48
1420 48
1421 48
1422 48
1423 48
1424 49
1425 49
1426 49
1427 49
1428 49
1429 49
1430 49
1431 50
1432 51
1433 51
1434 52
1435 51
1436 51
1437 50
1438 50
1439 50
1440 50
1441 50
1442 50
1443 49
1444 50
1445 51
1446 51
1447 51
1448 50
1449 50
1450 50
1451 51
1452 51
1453 51
1454 51
1455 51
1456 50
1457 50
1458 49
1459 49
1460 49
1461 49
1462 49
1463 49
1464 48
1465 48
1466 48
1467 48
1468 48
1469 48
1470 48
1471 48
1472 49
1473 48
1474 48
1475 48
1476 48
1477 48
1478 48
1479 48
1480 48
1481 48
1482 48
1483 48
1484 48
1485 48
1486 49
1487 50
1488 49
1489 49
1490 49
1491 49
1492 49
1493 49
1494 49
1495 49
1496 49
1497 49
1498 48
1499 48
1500 48
1501 48
1502 49
1503 50
1504 50
1505 51
1506 51
1507 50
1508 50
1509 50
1510 50
1511 50
1512 49
1513 49
1514 49
1515 49
1516 49
1517 49
1518 47
1519 47
1520 47
1521 47
1522 47
1523 47
1524 47
1525 47
1526 47
1527 48
1528 48
1529 48
1530 48
1531 48
1532 48
1533 49
1534 48
1535 48
1536 48
1537 48
1538 47
1539 47
1540 47
1541 48
1542 49
1543 48
1544 48
1545 48
1546 48
1547 49
1548 48
1549 48
1550 48
1551 48
1552 48
1553 48
1554 48
1555 48
1556 49
1557 50
1558 50
1559 50
1560 50
1561 49
1562 49
1563 49
1564 49
1565 49
1566 49
1567 49
1568 49
1569 48
1570 48
1571 48
1572 48
1573 49
1574 49
1575 49
1576 49
1577 48
1578 49
1579 49
1580 48
1581 48
1582 48
1583 48
1584 48
1585 48
1586 48
1587 48
1588 47
1589 46
1590 47
1591 47
1592 47
1593 47
1594 47
1595 48
1596 49
1597 50
1598 50
1599 49
1600 49
1601 49
1602 50
1603 50
1604 51
1605 51
1606 51
1607 51
1608 50
1609 50
1610 49
1611 49
1612 49
1613 49
1614 49
1615 49
1616 49
1617 48
1618 48
1619 48
1620 48
1621 48
1622 48
1623 48
1624 48
1625 48
1626 48
1627 48
1628 49
1629 49
1630 50
1631 50
1632 49
1633 49
1634 49
1635 50
1636 50
1637 51
1638 51
1639 51
1640 51
1641 50
1642 50
1643 50
1644 50
1645 50
1646 50
1647 49
1648 49
1649 49
1650 49
1651 49
1652 49
1653 48
1654 48
1655 48
1656 48
1657 48
1658 48
1659 48
1660 48
1661 48
1662 48
1663 48
1664 46
1665 47
1666 47
1667 47
1668 47
1669 47
1670 47
1671 47
1672 47
1673 47
1674 48
1675 48
1676 48
1677 48
1678 48
1679 49
1680 49
1681 49
1682 48
1683 48
1684 48
1685 49
1686 49
1687 49
1688 48
1689 48
1690 49
1691 50
1692 50
1693 50
1694 50
1695 49
1696 49
1697 50
1698 51
1699 51
1700 51
1701 50
1702 50
1703 50
1704 49
1705 49
1706 49
1707 49
1708 49
1709 49
1710 49
1711 49
1712 48
1713 48
1714 48
1715 48
1716 48
1717 48
1718 48
1719 48
1720 48
1721 48
1722 48
1723 47
1724 47
1725 47
1726 48
1727 48
1728 48
1729 48
1730 47
1731 48
1732 48
1733 47
1734 47
1735 47
1736 48
1737 48
1738 48
1739 48
1740 48
1741 48
1742 48
1743 47
1744 47
1745 47
1746 47
1747 47
1748 47
1749 48
1750 48
1751 49
1752 48
1753 48
1754 48
1755 49
1756 50
1757 50
1758 50
1759 50
1760 50
1761 49
1762 49
1763 50
1764 49
1765 49
1766 49
1767 49
1768 50
1769 50
1770 49
1771 49
1772 49
1773 49
1774 49
1775 49
1776 48
1777 48
1778 48
1779 48
1780 48
1781 48
1782 48
1783 49
1784 49
1785 49
1786 49
1787 48
1788 49
1789 49
1790 49
1791 48
1792 48
1793 48
1794 48
1795 48
1796 48
1797 48
1798 49
1799 50
1800 50
1801 51
1802 50
1803 50
1804 50
1805 49
1806 49
1807 49
1808 49
1809 49
1810 49
1811 48
1812 48
1813 48
1814 48
1815 48
1816 48
1817 48
1818 48
1819 48
1820 48
1821 48
1822 48
1823 49
1824 49
1825 49
1826 49
1827 49
1828 48
1829 48
1830 48
1831 48
1832 48
1833 49
1834 49
1835 50
1836 49
1837 49
1838 49
1839 49
1840 50
1841 50
1842 50
1843 50
1844 50
1845 49
1846 49
1847 49
1848 49
1849 48
1850 48
1851 49
1852 49
1853 49
1854 49
1855 49
1856 48
1857 48
1858 48
1859 48
1860 48
1861 48
1862 48
1863 48
1864 48
1865 49
1866 48
1867 48
1868 48
1869 48
1870 48
1871 48
1872 48
1873 48
1874 48
1875 49
1876 48
1877 48
1878 48
1879 48
1880 49
1881 49
1882 48
1883 48
1884 47
1885 47
1886 46
1887 46
1888 47
1889 47
1890 47
1891 47
1892 48
1893 47
1894 47
1895 47
1896 47
1897 47
1898 47
1899 47
1900 47
1901 48
1902 49
1903 49
1904 48
1905 48
1906 48
1907 48
1908 48
1909 48
1910 48
1911 48
1912 48
1913 48
1914 48
1915 48
1916 48
1917 48
1918 48
1919 48
1920 48
1921 48
1922 48
1923 48
1924 48
1925 48
1926 48
1927 48
1928 48
1929 48
1930 48
1931 48
1932 48
1933 48
1934 48
1935 48
1936 48
1937 48
1938 48
1939 48
1940 49
1941 49
1942 49
1943 49
1944 49
1945 49
1946 49
1947 48
1948 48
1949 48
1950 48
1951 48
1952 48
1953 48
1954 48
1955 48
1956 48
1957 48
1958 48
1959 48
1960 49
1961 49
1962 50
1963 51
1964 51
1965 51
1966 51
1967 50
1968 50
1969 50
1970 50
1971 49
1972 49
1973 49
1974 49
1975 48
1976 48
1977 48
1978 48
1979 48
1980 48
1981 48
1982 48
1983 48
1984 48
1985 48
1986 48
1987 48
1988 48
1989 48
1990 48
1991 48
1992 48
1993 48
1994 48
1995 48
1996 48
1997 49
1998 49
1999 49
2000 48
2001 48
2002 48
2003 49
2004 50
2005 50
2006 49
2007 49
2008 49
2009 49
2010 48
2011 48
2012 48
2013 48
2014 48
2015 48
2016 48
2017 48
2018 48
2019 48
2020 47
2021 47
2022 47
2023 47
2024 47
2025 47
2026 48
2027 48
2028 49
2029 49
2030 49
2031 48
2032 49
2033 49
2034 50
2035 51
2036 51
2037 50
2038 50
2039 49
2040 49
2041 48
2042 48
2043 48
2044 49
2045 50
2046 49
2047 49
2048 49
2049 49
2050 48
2051 48
2052 48
2053 48
2054 47
2055 47
2056 47
2057 48
2058 49
2059 48
2060 45
2061 43
2062 43
2063 44
2064 44
2065 46
2066 47
2067 47
2068 47
2069 47
2070 47
2071 47
2072 46
2073 46
2074 46
2075 46
2076 46
2077 46
2078 46
2079 46
2080 46
2081 46
2082 46
2083 47
2084 47
2085 47
2086 46
2087 47
2088 47
2089 47
2090 47
2091 47
2092 47
2093 47
2094 47
2095 47
2096 48
2097 48
2098 47
2099 47
2100 48
2101 48
2102 49
2103 50
2104 50
2105 50
2106 50
2107 49
2108 49
2109 49
2110 49
2111 49
2112 49
2113 49
2114 49
2115 49
2116 49
2117 48
2118 48
2119 48
2120 48
2121 48
2122 49
2123 49
2124 50
2125 51
2126 51
2127 50
2128 50
2129 49
2130 49
2131 49
2132 49
2133 49
2134 49
2135 50
2136 50
2137 50
2138 49
2139 49
2140 49
2141 49
2142 48
2143 48
2144 48
2145 49
2146 50
2147 51
2148 51
2149 50
2150 50
2151 50
2152 50
2153 49
2154 49
2155 49
2156 49
2157 49
2158 48
2159 48
2160 48
2161 48
2162 48
2163 48
2164 48
2165 48
2166 48
2167 46
2168 46
2169 46
2170 46
2171 46
2172 46
2173 46
2174 46
2175 46
2176 47
2177 48
2178 48
2179 48
2180 47
2181 48
2182 48
2183 48
2184 48
2185 48
2186 47
2187 47
2188 47
2189 47
2190 48
2191 49
2192 49
2193 49
2194 49
2195 49
2196 49
2197 49
2198 48
2199 48
2200 48
2201 48
2202 49
2203 50
2204 50
2205 50
2206 49
2207 49
2208 49
2209 49
2210 49
2211 49
2212 48
2213 49
2214 48
2215 48
2216 48
2217 48
2218 49
2219 49
2220 49
2221 48
2222 48
2223 48
2224 48
2225 48
2226 48
2227 48
2228 49
2229 48
2230 48
2231 48
2232 48
2233 48
2234 48
2235 48
2236 48
2237 48
2238 48
2239 48
2240 48
2241 48
2242 48
