0 58
1 56
2 55
3 55
4 54
5 52
6 50
7 50
8 50
9 50
10 49
11 49
12 49
13 49
14 49
15 48
16 47
17 47
18 47
19 48
20 49
21 49
22 49
23 49
24 48
25 48
26 48
27 48
28 48
29 48
30 48
31 48
32 48
33 48
34 48
35 49
36 48
37 48
38 48
39 48
40 48
41 48
42 48
43 48
44 47
45 47
46 47
47 47
48 48
49 48
50 48
51 48
52 46
53 46
54 46
55 47
56 47
57 47
58 47
59 48
60 48
61 48
62 48
63 47
64 46
65 46
66 46
67 46
68 47
69 45
70 45
71 45
72 46
73 47
74 48
75 49
76 50
77 51
78 51
79 52
80 52
81 52
82 51
83 51
84 50
85 50
86 50
87 50
88 49
89 49
90 49
91 49
92 48
93 48
94 48
95 48
96 48
97 48
98 48
99 48
100 48
101 48
102 48
103 49
104 50
105 50
106 50
107 49
108 49
109 49
110 49
111 49
112 48
113 49
114 49
115 49
116 48
117 48
118 47
119 48
120 48
121 47
122 47
123 47
124 46
125 46
126 46
127 46
128 47
129 48
130 49
131 50
132 50
133 50
134 49
135 49
136 48
137 48
138 48
139 48
140 49
141 49
142 50
143 50
144 50
145 49
146 49
147 50
148 51
149 52
150 51
151 51
152 50
153 50
154 50
155 49
156 48
157 48
158 49
159 49
160 49
161 49
162 49
163 47
164 45
165 44
166 45
167 45
168 46
169 47
170 47
171 47
172 46
173 46
174 48
175 49
176 50
177 51
178 51
179 50
180 50
181 50
182 50
183 50
184 50
185 49
186 49
187 50
188 51
189 52
190 52
191 52
192 52
193 53
194 52
195 51
196 50
197 51
198 50
199 50
200 50
201 50
202 50
203 51
204 49
205 49
206 49
207 49
208 49
209 49
210 49
211 49
212 48
213 48
214 47
215 48
216 48
217 48
218 47
219 47
220 47
221 46
222 46
223 46
224 46
225 46
226 47
227 47
228 46
229 46
230 48
231 49
232 50
233 50
234 49
235 49
236 48
237 48
238 48
239 47
240 47
241 47
242 47
243 46
244 45
245 45
246 45
247 45
248 44
249 44
250 43
251 44
252 43
253 43
254 43
255 43
256 43
257 44
258 44
259 42
260 42
261 42
262 43
263 43
264 43
265 43
266 43
267 44
268 44
269 44
270 44
271 44
272 44
273 44
274 44
275 43
276 43
277 44
278 44
279 44
280 44
281 44
282 45
283 46
284 44
285 41
286 40
287 40
288 39
289 40
290 41
291 42
292 42
293 42
294 43
295 42
296 43
297 44
298 44
299 44
300 44
301 44
302 46
303 46
304 46
305 46
306 46
307 46
308 46
309 46
310 46
311 46
312 46
313 46
314 46
315 46
316 45
317 46
318 46
319 46
320 46
321 46
322 47
323 48
324 47
325 46
326 46
327 47
328 45
329 46
330 46
331 46
332 45
333 46
334 45
335 45
336 46
337 45
338 45
339 45
340 44
341 45
342 45
343 44
344 45
345 45
346 46
347 46
348 46
349 46
350 47
351 46
352 47
353 46
354 46
355 46
356 46
357 46
358 46
359 46
360 45
361 45
362 45
363 45
364 46
365 45
366 45
367 45
368 46
369 46
370 46
371 46
372 46
373 46
374 46
375 47
376 47
377 47
378 48
379 47
380 47
381 46
382 47
383 47
384 47
385 48
386 48
387 48
388 48
389 48
390 48
391 48
392 48
393 48
394 47
395 48
396 48
397 49
398 48
399 49
400 48
401 49
402 49
403 49
404 49
405 49
406 49
407 49
408 50
409 51
410 52
411 52
412 53
413 54
414 54
415 54
416 54
417 55
418 55
419 55
420 54
421 54
422 54
423 53
424 53
425 53
426 53
427 52
428 52
429 52
430 52
431 51
432 51
433 52
434 52
435 53
436 53
437 53
438 52
439 52
440 51
441 52
442 52
443 53
444 53
445 54
446 54
447 55
448 54
449 54
450 53
451 53
452 52
453 52
454 52
455 52
456 52
457 52
458 51
459 51
460 51
461 52
462 53
463 53
464 54
465 55
466 55
467 55
468 56
469 56
470 56
471 56
472 56
473 56
474 56
475 56
476 56
477 56
478 55
479 55
480 55
481 55
482 54
483 53
484 52
485 52
486 52
487 52
488 51
489 51
490 51
491 51
492 51
493 50
494 51
495 50
496 50
497 49
498 49
499 49
500 48
501 48
502 48
503 48
504 48
505 48
506 48
507 49
508 49
509 49
510 50
511 50
512 50
513 50
514 51
515 51
516 51
517 52
518 52
519 53
520 54
521 54
522 55
523 55
524 56
525 55
526 56
527 56
528 56
529 57
530 57
531 57
532 57
533 54
534 54
535 54
536 53
537 52
538 52
539 52
540 53
541 53
542 53
543 53
544 53
545 52
546 52
547 52
548 51
549 51
550 51
551 52
552 52
553 52
554 52
555 52
556 52
557 52
558 52
559 52
560 52
561 52
562 53
563 54
564 54
565 54
566 55
567 55
568 55
569 55
570 55
571 56
572 56
573 56
574 56
575 56
576 57
577 57
578 57
579 57
580 57
581 57
582 57
583 57
584 56
585 56
586 55
587 55
588 54
589 53
590 53
591 53
592 52
593 52
594 52
595 52
596 52
597 53
598 53
599 54
600 54
601 55
602 55
603 55
604 55
605 55
606 56
607 56
608 56
609 56
610 57
611 57
612 57
613 58
614 58
615 58
616 58
617 58
618 58
619 58
620 58
621 59
622 58
623 58
624 58
625 58
626 58
627 58
628 58
629 58
630 58
631 58
632 58
633 58
634 58
635 58
636 58
637 58
638 58
639 58
640 58
641 58
642 58
643 58
644 58
645 58
646 57
647 58
648 58
649 58
650 58
651 58
652 58
653 58
654 58
655 58
656 58
657 58
658 58
659 58
660 58
661 58
662 58
663 58
664 58
665 58
666 58
667 58
668 58
669 58
670 58
671 58
672 58
673 58
674 58
675 58
676 58
677 58
678 58
679 58
680 58
681 58
682 58
683 58
684 58
685 58
686 58
687 58
688 58
689 58
690 58
691 58
692 58
693 58
694 58
695 58
696 58
697 58
698 58
699 58
700 58
701 57
702 58
703 58
704 58
705 58
706 58
707 58
708 58
709 58
710 58
711 58
712 58
713 58
714 58
715 58
716 58
717 58
718 58
719 58
720 58
721 58
722 58
723 57
724 55
725 54
726 54
727 54
728 54
729 55
730 55
731 55
732 55
733 55
734 56
735 56
736 57
737 57
738 57
739 57
740 57
741 58
742 58
743 58
744 58
745 58
746 58
747 58
748 58
749 57
750 57
751 58
752 58
753 58
754 58
755 58
756 58
757 58
758 58
759 58
760 58
761 58
762 58
763 58
764 58
765 58
766 58
767 58
768 58
769 58
770 58
771 58
772 58
773 58
774 57
775 58
776 58
777 58
778 58
779 58
780 58
781 58
782 58
783 58
784 58
785 58
786 58
787 58
788 58
789 58
790 58
791 58
792 58
793 58
794 58
795 58
796 58
797 58
798 58
799 58
800 58
801 58
802 58
803 58
804 58
805 58
806 58
807 58
808 58
809 58
810 57
811 58
812 58
813 58
814 58
815 58
816 58
817 56
818 55
819 55
820 55
821 55
822 54
823 55
824 55
825 55
826 56
827 56
828 56
829 57
830 57
831 57
832 57
833 57
834 57
835 57
836 57
837 58
838 58
839 58
840 58
841 58
842 58
843 58
844 58
845 58
846 58
847 57
848 58
849 58
850 58
851 58
852 58
853 58
854 58
855 58
856 58
857 58
858 57
859 58
860 58
861 58
862 58
863 58
864 58
865 58
866 58
867 58
868 58
869 58
870 58
871 58
872 58
873 58
874 58
875 58
876 58
877 58
878 58
879 58
880 58
881 58
882 58
883 57
884 58
885 58
886 58
887 58
888 58
889 58
890 58
891 58
892 58
893 58
894 58
895 58
896 56
897 56
898 56
899 57
900 57
901 57
902 57
903 58
904 58
905 58
906 58
907 58
908 58
909 59
910 59
911 59
912 59
913 59
914 59
915 59
916 59
917 58
918 58
919 58
920 58
921 58
922 58
923 58
924 58
925 58
926 58
927 58
928 58
929 58
930 58
931 58
932 58
933 58
934 58
935 58
936 58
937 58
938 58
939 58
940 58
941 58
942 58
943 58
944 58
945 58
946 58
947 58
948 58
949 58
950 58
951 58
952 58
953 58
954 58
955 58
956 58
957 58
958 58
959 58
960 58
961 58
962 58
963 58
964 58
965 58
966 58
967 58
968 58
969 58
970 58
971 58
972 58
973 58
974 58
975 58
976 58
977 58
978 58
979 58
980 58
981 58
982 58
983 58
984 58
985 58
986 58
987 58
988 58
989 58
990 58
991 58
992 58
993 58
994 57
995 57
996 57
997 58
998 58
999 58
1000 58
1001 58
1002 58
1003 58
1004 58
1005 58
1006 58
1007 58
1008 58
1009 58
1010 58
1011 58
1012 58
1013 58
1014 58
1015 58
1016 58
1017 58
1018 58
1019 58
1020 58
1021 58
1022 55
1023 52
1024 51
1025 52
1026 52
1027 52
1028 52
1029 52
1030 53
1031 53
1032 53
1033 53
1034 54
1035 54
1036 54
1037 55
1038 55
1039 55
1040 56
1041 56
1042 56
1043 57
1044 57
1045 57
1046 57
1047 57
1048 57
1049 57
1050 57
1051 57
1052 57
1053 58
1054 58
1055 58
1056 58
1057 58
1058 58
1059 58
1060 58
1061 58
1062 58
1063 57
1064 57
1065 58
1066 58
1067 58
1068 58
1069 58
1070 58
1071 58
1072 58
1073 58
1074 58
1075 58
1076 58
1077 58
1078 58
1079 58
1080 58
1081 58
1082 58
1083 58
1084 58
1085 58
1086 58
1087 58
1088 58
1089 58
1090 58
1091 57
1092 57
1093 55
1094 53
1095 52
1096 51
1097 51
1098 50
1099 50
1100 51
1101 51
1102 50
1103 51
1104 51
1105 52
1106 52
1107 53
1108 54
1109 54
1110 55
1111 55
1112 56
1113 56
1114 56
1115 57
1116 57
1117 57
1118 57
1119 57
1120 57
1121 57
1122 57
1123 57
1124 58
1125 58
1126 58
1127 58
1128 58
1129 58
1130 58
1131 58
1132 58
1133 58
1134 57
1135 58
1136 58
1137 58
1138 58
1139 58
1140 58
1141 58
1142 58
1143 58
1144 58
1145 58
1146 57
1147 58
1148 58
1149 58
1150 58
1151 58
1152 58
1153 58
1154 58
1155 58
1156 58
1157 58
1158 58
1159 58
1160 58
1161 58
1162 58
1163 58
1164 57
1165 57
1166 58
1167 58
1168 58
1169 58
1170 58
1171 58
1172 58
1173 58
1174 58
1175 58
1176 58
1177 58
1178 58
1179 58
1180 58
1181 58
1182 58
1183 58
1184 58
1185 58
1186 58
1187 58
1188 58
1189 58
1190 58
1191 58
1192 58
1193 58
1194 58
1195 57
1196 58
1197 58
1198 58
1199 58
1200 58
1201 58
1202 58
1203 58
1204 58
1205 58
1206 58
1207 58
1208 58
1209 58
1210 58
1211 58
1212 58
1213 58
1214 58
1215 58
1216 58
1217 58
1218 58
1219 57
1220 58
1221 58
1222 58
1223 58
1224 58
1225 58
1226 58
1227 58
1228 58
1229 58
1230 58
1231 58
1232 58
1233 58
1234 58
1235 58
1236 58
1237 58
1238 58
1239 58
1240 57
1241 56
1242 57
1243 57
1244 57
1245 57
1246 57
1247 58
1248 58
1249 58
1250 58
1251 58
1252 58
1253 58
1254 59
1255 59
1256 59
1257 59
1258 59
1259 59
1260 59
1261 58
1262 58
1263 58
1264 58
1265 58
1266 58
1267 58
1268 58
1269 58
1270 58
1271 58
1272 58
1273 58
1274 58
1275 58
1276 58
1277 58
1278 58
1279 58
1280 58
1281 58
1282 58
1283 58
1284 58
1285 58
1286 58
1287 58
1288 58
1289 58
1290 58
1291 58
1292 58
1293 58
1294 58
1295 58
1296 58
1297 58
1298 58
1299 58
1300 58
1301 58
1302 58
1303 58
1304 58
1305 58
1306 58
1307 58
1308 56
1309 55
1310 55
1311 55
1312 55
1313 55
1314 55
1315 55
1316 55
1317 55
1318 56
1319 56
1320 56
1321 57
1322 57
1323 57
1324 57
1325 57
1326 58
1327 58
1328 57
1329 57
1330 58
1331 58
1332 58
1333 58
1334 58
1335 58
1336 58
1337 58
1338 57
1339 57
1340 58
1341 57
1342 58
1343 58
1344 58
1345 58
1346 58
1347 58
1348 58
1349 58
1350 58
1351 58
1352 58
1353 58
1354 58
1355 58
1356 58
1357 58
1358 58
1359 58
1360 58
1361 58
1362 58
1363 58
1364 58
1365 58
1366 58
1367 58
1368 58
1369 58
1370 58
1371 58
1372 58
1373 58
1374 58
1375 58
1376 58
1377 57
1378 58
1379 58
1380 58
1381 58
1382 58
1383 58
1384 58
1385 58
1386 56
1387 56
1388 56
1389 55
1390 55
1391 55
1392 55
1393 55
1394 55
1395 55
1396 55
1397 55
1398 56
1399 56
1400 57
1401 57
1402 57
1403 57
1404 57
1405 58
1406 58
1407 58
1408 58
1409 58
1410 58
1411 58
1412 58
1413 58
1414 58
1415 57
1416 58
1417 58
1418 58
1419 58
1420 58
1421 58
1422 58
1423 58
1424 58
1425 57
1426 58
1427 58
1428 58
1429 58
1430 58
1431 58
1432 58
1433 58
1434 58
1435 58
1436 58
1437 58
1438 58
1439 58
1440 58
1441 58
1442 58
1443 58
1444 58
1445 58
1446 58
1447 58
1448 58
1449 58
1450 58
1451 58
1452 58
1453 58
1454 58
1455 58
1456 58
1457 58
1458 58
1459 58
1460 58
1461 58
1462 58
1463 58
1464 58
1465 58
1466 58
1467 58
1468 58
1469 58
1470 58
1471 58
1472 58
1473 58
1474 58
1475 58
1476 58
1477 58
1478 58
1479 58
1480 58
1481 58
1482 58
1483 58
1484 58
1485 58
1486 57
1487 58
1488 58
1489 58
1490 58
1491 58
1492 58
1493 58
1494 58
1495 58
1496 58
1497 58
1498 58
1499 58
1500 58
1501 58
1502 58
1503 58
1504 58
1505 58
1506 58
1507 58
1508 58
1509 58
1510 58
1511 58
1512 57
1513 57
1514 58
1515 58
1516 58
1517 58
1518 58
1519 58
1520 58
1521 58
1522 58
1523 58
1524 58
1525 58
1526 58
1527 58
1528 58
1529 58
1530 58
1531 58
1532 58
1533 58
1534 58
1535 57
1536 58
1537 58
1538 58
1539 58
1540 58
1541 58
1542 58
1543 58
1544 58
1545 58
1546 58
1547 58
1548 57
1549 57
1550 58
1551 58
1552 58
1553 58
1554 58
1555 58
1556 58
1557 58
1558 58
1559 58
1560 58
1561 58
1562 58
1563 58
1564 58
1565 58
1566 58
1567 58
1568 58
1569 58
1570 58
1571 58
1572 58
1573 58
1574 58
1575 58
1576 58
1577 58
1578 58
1579 58
1580 58
1581 58
1582 58
1583 58
1584 57
1585 58
1586 58
1587 58
1588 58
1589 58
1590 58
1591 58
1592 58
1593 58
1594 58
1595 58
1596 58
1597 58
1598 58
1599 58
1600 58
1601 58
1602 58
1603 58
1604 58
1605 58
1606 58
1607 58
1608 58
1609 57
1610 58
1611 58
1612 58
1613 58
1614 58
1615 58
1616 58
1617 58
1618 58
1619 58
1620 58
1621 58
1622 58
1623 58
1624 58
1625 58
1626 58
1627 58
1628 58
1629 58
1630 58
1631 58
1632 58
1633 57
1634 58
1635 58
1636 58
1637 58
1638 58
1639 58
1640 58
1641 58
1642 58
1643 58
1644 58
1645 58
1646 58
1647 58
1648 58
1649 58
1650 58
1651 58
1652 58
1653 58
1654 58
1655 58
1656 58
1657 58
1658 58
1659 58
1660 58
1661 58
1662 58
1663 58
1664 58
1665 58
1666 58
1667 58
1668 58
1669 58
1670 58
1671 58
1672 58
1673 58
1674 58
1675 58
1676 58
1677 55
1678 52
1679 51
1680 52
1681 52
1682 52
1683 53
1684 53
1685 52
1686 53
1687 53
1688 54
1689 55
1690 55
1691 55
1692 55
1693 56
1694 56
1695 56
1696 57
1697 57
1698 57
1699 57
1700 57
1701 57
1702 57
1703 57
1704 57
1705 57
1706 57
1707 58
1708 58
1709 58
1710 58
1711 58
1712 58
1713 58
1714 58
1715 58
1716 57
1717 58
1718 58
1719 58
1720 58
1721 58
1722 58
1723 58
1724 58
1725 58
1726 58
1727 58
1728 58
1729 58
1730 58
1731 58
1732 58
1733 58
1734 58
1735 58
1736 58
1737 58
1738 58
1739 58
1740 57
1741 58
1742 58
1743 58
1744 58
1745 58
1746 58
1747 58
1748 58
1749 58
1750 58
1751 58
1752 58
1753 58
1754 58
1755 58
1756 58
1757 58
1758 58
1759 58
1760 56
1761 57
1762 57
1763 57
1764 57
1765 57
1766 58
1767 58
1768 58
1769 58
1770 58
1771 58
1772 58
1773 59
1774 59
1775 59
1776 59
1777 58
1778 58
1779 58
1780 58
1781 58
1782 58
1783 58
1784 58
1785 58
1786 58
1787 58
1788 58
1789 58
1790 58
1791 58
1792 58
1793 58
1794 58
1795 58
1796 58
1797 58
1798 58
1799 58
1800 58
1801 58
1802 58
1803 58
1804 58
1805 58
1806 58
1807 58
1808 58
1809 58
1810 58
1811 58
1812 58
1813 58
1814 58
1815 58
1816 58
1817 58
1818 58
1819 58
1820 58
1821 58
1822 58
1823 58
1824 58
1825 58
1826 58
1827 58
1828 58
1829 58
1830 58
1831 58
1832 58
1833 58
1834 58
1835 58
1836 58
1837 58
1838 57
1839 58
1840 58
1841 58
1842 58
1843 58
1844 58
1845 58
1846 58
1847 58
1848 58
1849 58
1850 58
1851 58
1852 58
1853 58
1854 58
1855 58
1856 58
1857 58
1858 58
1859 58
1860 57
1861 57
1862 57
1863 58
1864 58
1865 58
1866 58
1867 58
1868 58
1869 58
1870 58
1871 58
1872 58
1873 58
1874 58
1875 58
1876 58
1877 58
1878 58
1879 58
1880 58
1881 58
1882 58
1883 58
1884 58
1885 58
1886 58
1887 57
1888 58
1889 58
1890 58
1891 58
1892 58
1893 58
1894 58
1895 58
1896 58
1897 58
1898 58
1899 58
1900 58
1901 58
1902 58
1903 58
1904 58
1905 58
1906 58
1907 58
1908 58
1909 58
1910 58
1911 58
1912 57
1913 58
1914 58
1915 58
1916 58
1917 58
1918 58
1919 58
1920 58
1921 58
1922 58
1923 58
1924 58
1925 58
1926 58
1927 58
1928 58
1929 58
1930 58
1931 58
1932 58
1933 58
1934 58
1935 56
1936 57
1937 57
1938 57
1939 57
1940 58
1941 58
1942 58
1943 58
1944 58
1945 58
1946 58
1947 59
1948 59
1949 58
1950 58
1951 59
1952 59
1953 58
1954 58
1955 58
1956 58
1957 58
1958 58
1959 58
1960 58
1961 58
1962 58
1963 58
1964 58
1965 58
1966 58
1967 58
1968 58
1969 58
1970 56
1971 57
1972 57
1973 57
1974 57
1975 57
1976 58
1977 58
1978 58
1979 58
1980 58
1981 58
1982 59
1983 59
1984 59
1985 58
1986 58
1987 59
1988 59
1989 59
1990 59
1991 59
1992 58
1993 58
1994 58
1995 58
1996 58
1997 58
1998 58
1999 58
2000 58
2001 58
2002 58
2003 58
2004 58
2005 58
2006 58
2007 58
2008 58
2009 58
2010 58
2011 58
2012 58
2013 58
2014 58
2015 58
2016 58
2017 58
2018 58
2019 58
2020 58
2021 58
2022 58
2023 58
2024 58
2025 58
2026 58
2027 58
2028 58
2029 58
2030 58
2031 58
2032 58
2033 58
2034 57
2035 57
2036 57
2037 57
2038 58
2039 58
2040 58
2041 58
2042 58
2043 58
2044 58
2045 58
2046 58
2047 58
2048 58
2049 58
2050 58
2051 58
2052 58
2053 58
2054 58
2055 58
2056 58
2057 58
2058 58
2059 58
2060 58
2061 58
2062 58
2063 58
2064 58
2065 58
2066 58
2067 58
2068 58
2069 58
2070 58
2071 58
2072 58
2073 58
2074 58
2075 58
2076 58
2077 58
2078 58
2079 58
2080 58
2081 58
2082 58
2083 57
2084 58
2085 58
2086 58
2087 58
2088 58
2089 58
2090 58
2091 58
2092 58
2093 58
2094 58
2095 58
2096 58
2097 58
2098 58
2099 58
2100 58
2101 58
2102 58
2103 58
2104 58
2105 58
2106 58
2107 58
2108 58
2109 58
2110 56
2111 57
2112 57
2113 57
2114 57
2115 58
2116 58
2117 58
2118 58
2119 58
2120 58
2121 58
2122 59
2123 59
2124 59
2125 59
2126 59
2127 58
2128 58
2129 58
2130 58
2131 58
2132 58
2133 58
2134 58
2135 58
2136 58
2137 58
2138 58
2139 58
2140 58
2141 58
2142 58
2143 58
2144 58
2145 58
2146 58
2147 58
2148 58
2149 58
2150 58
2151 58
2152 58
2153 58
2154 58
2155 58
2156 58
2157 58
2158 58
2159 58
2160 58
2161 58
2162 58
2163 58
2164 58
2165 58
2166 58
2167 58
2168 58
2169 58
2170 58
2171 58
2172 58
2173 58
2174 58
2175 58
2176 58
2177 58
2178 58
2179 58
2180 58
2181 58
2182 58
2183 58
2184 58
2185 58
2186 58
2187 58
2188 58
2189 58
2190 58
2191 58
2192 58
2193 57
2194 58
2195 58
2196 58
2197 58
2198 58
2199 58
2200 58
2201 58
2202 58
2203 58
2204 58
2205 58
2206 58
2207 58
2208 58
2209 58
2210 58
2211 57
2212 58
2213 58
2214 58
2215 58
2216 58
2217 58
2218 58
2219 58
2220 58
2221 58
2222 58
2223 58
2224 58
2225 58
2226 58
2227 58
2228 58
2229 58
2230 58
2231 58
2232 58
2233 58
2234 58
2235 58
2236 58
2237 58
2238 58
2239 58
2240 58
2241 58
2242 58
2243 58
2244 58
2245 58
2246 58
2247 58
2248 58
2249 58
2250 58
2251 58
2252 58
2253 58
2254 58
2255 57
2256 58
2257 58
2258 58
2259 58
2260 58
2261 58
2262 58
2263 58
2264 58
2265 58
2266 58
2267 58
2268 58
2269 58
2270 58
2271 58
2272 58
2273 58
2274 58
2275 58
2276 58
2277 58
2278 58
2279 57
2280 58
2281 58
2282 58
2283 58
2284 58
2285 58
2286 58
2287 58
2288 58
2289 58
2290 58
2291 58
2292 58
2293 58
2294 58
2295 58
2296 58
2297 58
2298 58
2299 58
2300 58
2301 58
2302 58
2303 58
2304 58
2305 58
2306 58
2307 58
2308 58
2309 58
2310 58
2311 58
2312 58
2313 58
2314 58
2315 58
2316 58
2317 58
2318 58
2319 58
2320 58
2321 58
2322 58
2323 58
2324 58
2325 58
2326 58
2327 58
2328 57
2329 58
2330 58
2331 58
2332 58
2333 58
2334 58
2335 58
2336 58
2337 58
2338 58
2339 58
2340 58
2341 58
2342 58
2343 58
2344 58
2345 58
2346 58
2347 58
2348 58
2349 58
2350 58
2351 58
2352 58
2353 58
2354 58
2355 58
2356 58
2357 58
2358 58
2359 58
2360 58
2361 58
2362 58
2363 58
2364 58
2365 58
2366 58
2367 58
2368 58
2369 58
2370 58
2371 58
2372 58
2373 58
2374 58
2375 58
2376 58
2377 57
2378 58
2379 58
2380 58
2381 58
2382 58
2383 58
2384 58
2385 58
2386 57
2387 57
2388 58
2389 58
2390 58
2391 58
2392 58
2393 58
2394 58
2395 58
2396 58
2397 58
2398 58
2399 58
2400 58
2401 58
2402 56
2403 56
2404 57
2405 55
2406 55
2407 55
2408 55
2409 55
2410 55
2411 55
2412 55
2413 56
2414 56
2415 56
2416 56
2417 56
2418 57
2419 57
2420 57
2421 57
2422 58
2423 58
2424 58
2425 58
2426 58
2427 58
2428 58
2429 58
2430 58
2431 58
2432 58
2433 58
2434 58
2435 58
2436 58
2437 57
2438 58
2439 58
2440 58
2441 58
2442 58
2443 58
2444 58
2445 58
2446 58
2447 58
2448 58
2449 58
2450 58
2451 58
2452 58
2453 58
2454 58
2455 58
2456 58
2457 58
2458 58
2459 56
2460 57
2461 57
2462 57
2463 57
2464 57
2465 57
2466 58
2467 58
2468 58
2469 58
2470 58
2471 58
2472 59
2473 59
2474 59
2475 59
2476 59
2477 59
2478 59
2479 59
2480 58
2481 58
2482 58
2483 58
2484 58
2485 58
2486 58
2487 58
2488 58
2489 58
2490 58
2491 58
2492 58
2493 58
2494 58
2495 58
2496 58
2497 58
2498 58
2499 58
2500 58
2501 58
2502 58
2503 58
2504 58
2505 58
2506 58
2507 58
2508 58
2509 58
2510 58
2511 58
2512 58
2513 58
2514 58
2515 58
2516 58
2517 58
2518 58
2519 58
2520 58
2521 58
2522 58
2523 58
2524 58
2525 58
2526 58
2527 58
2528 58
2529 58
2530 58
2531 58
2532 58
2533 58
2534 58
2535 57
2536 58
2537 58
2538 58
2539 58
2540 58
2541 58
2542 58
2543 58
2544 58
2545 58
2546 58
2547 58
2548 58
2549 58
2550 58
2551 58
2552 58
2553 58
2554 58
2555 58
2556 58
2557 58
2558 58
2559 58
2560 57
2561 57
2562 57
2563 57
2564 58
2565 58
2566 58
2567 58
2568 58
2569 58
2570 58
2571 58
2572 58
2573 58
2574 58
2575 58
2576 58
2577 58
2578 58
2579 58
2580 58
2581 58
2582 58
2583 58
2584 58
2585 58
2586 58
2587 58
2588 58
2589 58
2590 58
2591 58
2592 58
2593 58
2594 58
2595 58
2596 57
2597 58
2598 58
2599 58
2600 58
2601 58
2602 58
2603 58
2604 58
2605 58
2606 58
2607 58
2608 58
2609 58
2610 58
2611 58
2612 58
2613 58
2614 58
2615 58
2616 58
2617 58
2618 58
2619 58
2620 58
2621 58
2622 58
2623 58
2624 58
2625 58
2626 58
2627 58
2628 58
2629 58
2630 58
2631 58
2632 58
2633 58
2634 58
2635 58
2636 58
2637 58
2638 58
2639 58
2640 58
2641 58
2642 58
2643 58
2644 58
2645 57
2646 58
2647 58
2648 58
2649 58
2650 58
2651 58
2652 58
2653 58
2654 58
2655 58
2656 58
2657 58
2658 58
2659 58
2660 58
2661 58
2662 58
2663 58
2664 58
2665 58
2666 58
2667 58
2668 58
2669 58
2670 57
2671 58
2672 58
2673 58
2674 58
2675 58
2676 58
2677 58
2678 58
2679 58
2680 58
2681 58
2682 58
2683 58
2684 58
2685 58
2686 58
2687 58
2688 58
2689 58
2690 58
2691 58
2692 58
2693 58
2694 57
2695 58
2696 58
2697 58
2698 58
2699 58
2700 58
2701 58
2702 58
2703 58
2704 58
2705 58
2706 58
2707 58
2708 56
2709 56
2710 57
2711 57
2712 57
2713 57
2714 58
2715 58
2716 58
2717 58
2718 58
2719 58
2720 58
2721 58
2722 59
2723 59
2724 59
2725 59
2726 59
2727 59
2728 58
2729 58
2730 58
2731 58
2732 58
2733 58
2734 58
2735 58
2736 57
2737 58
2738 58
2739 58
2740 58
2741 58
2742 58
2743 58
2744 58
2745 58
2746 58
2747 58
2748 58
2749 58
2750 58
2751 56
2752 56
2753 57
2754 56
2755 55
2756 55
2757 54
2758 54
2759 55
2760 55
2761 55
2762 55
2763 55
2764 55
2765 56
2766 55
2767 55
2768 55
2769 54
2770 54
2771 54
2772 54
2773 53
2774 53
2775 54
2776 54
2777 55
2778 55
2779 56
2780 56
2781 56
2782 57
2783 57
2784 57
2785 57
2786 58
2787 58
2788 58
2789 58
2790 58
2791 58
2792 58
2793 58
2794 58
2795 58
2796 58
2797 58
2798 58
2799 58
2800 58
2801 58
2802 58
2803 58
2804 58
2805 58
2806 58
2807 58
2808 58
2809 58
2810 58
2811 58
2812 58
2813 58
2814 58
2815 58
2816 58
2817 58
2818 58
2819 58
2820 58
2821 58
2822 58
2823 58
2824 58
2825 58
2826 58
2827 58
2828 58
2829 58
2830 58
2831 58
2832 58
2833 58
2834 58
2835 58
2836 58
2837 58
2838 58
2839 58
2840 58
2841 58
2842 58
2843 58
2844 58
2845 58
2846 58
2847 58
2848 58
2849 58
2850 58
2851 57
2852 58
2853 58
2854 58
2855 58
2856 58
2857 58
2858 58
2859 58
2860 58
2861 58
2862 58
2863 58
2864 58
2865 58
2866 58
2867 58
2868 58
2869 58
2870 58
2871 58
2872 58
2873 58
2874 58
2875 58
2876 58
2877 58
2878 58
2879 58
2880 58
2881 58
2882 58
2883 58
2884 58
2885 58
2886 58
2887 58
2888 58
2889 58
2890 58
2891 58
2892 58
2893 58
2894 58
2895 58
2896 58
2897 58
2898 58
2899 58
2900 58
2901 58
2902 58
2903 58
2904 58
2905 58
2906 58
2907 58
2908 58
2909 57
2910 57
2911 58
2912 58
2913 58
2914 58
2915 58
2916 58
2917 58
2918 58
2919 58
2920 58
2921 58
2922 58
2923 58
2924 58
2925 58
2926 58
2927 58
2928 58
2929 58
2930 58
2931 58
2932 58
2933 58
2934 58
2935 58
2936 58
2937 57
2938 58
2939 58
2940 58
2941 58
2942 58
2943 58
2944 58
2945 58
2946 58
2947 58
2948 58
2949 58
2950 58
2951 58
2952 58
2953 58
2954 58
2955 58
2956 58
2957 58
2958 58
2959 58
2960 58
2961 57
2962 58
2963 58
2964 58
2965 58
2966 58
2967 58
2968 58
2969 58
2970 58
2971 58
2972 58
2973 58
2974 58
2975 58
2976 58
2977 58
2978 58
2979 58
2980 58
2981 58
2982 56
2983 57
2984 57
2985 57
2986 57
2987 57
2988 58
2989 58
2990 58
2991 58
2992 58
2993 58
2994 59
2995 59
2996 59
2997 59
2998 58
2999 58
3000 58
3001 59
3002 58
3003 58
3004 58
3005 58
3006 58
3007 58
3008 58
3009 58
3010 58
3011 58
3012 58
3013 58
3014 58
3015 58
3016 58
3017 58
3018 58
3019 58
3020 58
3021 58
3022 58
3023 58
3024 58
3025 58
3026 58
3027 58
3028 58
3029 58
3030 58
3031 58
3032 58
3033 58
3034 58
3035 57
3036 57
3037 57
3038 58
3039 58
3040 58
3041 58
3042 58
3043 58
3044 58
3045 58
3046 58
3047 58
3048 58
3049 58
3050 58
3051 58
3052 58
3053 58
3054 58
3055 58
3056 58
3057 58
3058 58
3059 58
3060 58
3061 58
3062 58
3063 58
3064 57
3065 57
3066 58
3067 57
3068 57
3069 57
3070 58
3071 58
3072 58
3073 58
3074 58
3075 58
3076 58
3077 58
3078 58
3079 58
3080 58
3081 58
3082 58
3083 58
3084 57
3085 57
3086 57
3087 58
3088 58
3089 58
3090 58
3091 58
3092 58
3093 58
3094 58
3095 58
3096 58
3097 58
3098 58
3099 58
3100 58
3101 58
3102 58
3103 58
3104 58
3105 58
3106 58
3107 58
3108 58
3109 58
3110 58
3111 58
3112 58
3113 58
3114 58
3115 58
3116 58
3117 58
3118 58
3119 58
3120 57
3121 58
3122 58
3123 58
3124 58
3125 58
3126 58
3127 58
3128 58
3129 58
