0 53
1 51
2 51
3 51
4 50
5 50
6 49
7 49
8 48
9 48
10 48
11 47
12 47
13 47
14 47
15 47
16 47
17 46
18 46
19 46
20 46
21 46
22 46
23 46
24 46
25 46
26 46
27 44
28 43
29 43
30 43
31 43
32 44
33 44
34 44
35 44
36 43
37 42
38 40
39 39
40 40
41 41
42 41
43 41
44 42
45 42
46 43
47 43
48 44
49 45
50 45
51 45
52 45
53 45
54 46
55 46
56 46
57 46
58 46
59 46
60 46
61 46
62 46
63 46
64 46
65 46
66 46
67 46
68 46
69 46
70 47
71 47
72 47
73 46
74 46
75 46
76 46
77 47
78 47
79 47
80 47
81 47
82 47
83 47
84 47
85 47
86 47
87 47
88 47
89 47
90 47
91 47
92 47
93 47
94 47
95 47
96 48
97 49
98 49
99 49
100 48
101 47
102 46
103 47
104 47
105 47
106 47
107 47
108 48
109 47
110 47
111 46
112 45
113 46
114 46
115 46
116 46
117 46
118 46
119 46
120 46
121 45
122 45
123 45
124 46
125 46
126 46
127 46
128 45
129 46
130 46
131 46
132 46
133 45
134 45
135 45
136 44
137 45
138 45
139 45
140 45
141 45
142 45
143 45
144 45
145 45
146 45
147 44
148 45
149 45
150 45
151 44
152 45
153 44
154 44
155 45
156 45
157 45
158 45
159 46
160 45
161 45
162 45
163 45
164 43
165 44
166 44
167 45
168 45
169 45
170 45
171 44
172 44
173 45
174 46
175 47
176 47
177 47
178 47
179 47
180 48
181 48
182 47
183 47
184 47
185 47
186 47
187 47
188 47
189 47
190 47
191 47
192 47
193 47
194 47
195 47
196 47
197 48
198 47
199 47
200 47
201 46
202 46
203 46
204 46
205 46
206 46
207 46
208 46
209 46
210 46
211 46
212 47
213 48
214 48
215 48
216 48
217 48
218 47
219 47
220 47
221 47
222 47
223 47
224 47
225 47
226 47
227 47
228 47
229 47
230 47
231 48
232 48
233 48
234 48
235 47
236 47
237 47
238 47
239 47
240 47
241 47
242 47
243 47
244 47
245 48
246 48
247 48
248 47
249 47
250 47
251 47
252 47
253 47
254 48
255 49
256 50
257 50
258 50
259 49
260 49
261 49
262 49
263 49
264 49
265 49
266 48
267 48
268 48
269 48
270 48
271 49
272 49
273 49
274 49
275 49
276 49
277 49
278 49
279 48
280 48
281 48
282 48
283 48
284 48
285 48
286 49
287 50
288 50
289 50
290 50
291 49
292 49
293 49
294 49
295 49
296 49
297 49
298 50
299 50
300 50
301 49
302 49
303 49
304 49
305 49
306 49
307 49
308 47
309 47
310 47
311 48
312 49
313 49
314 49
315 49
316 49
317 49
318 49
319 49
320 49
321 48
322 48
323 49
324 50
325 51
326 51
327 52
328 51
329 51
330 51
331 50
332 50
333 50
334 49
335 49
336 49
337 50
338 50
339 50
340 49
341 49
342 49
343 49
344 48
345 48
346 48
347 49
348 49
349 49
350 49
351 48
352 48
353 48
354 48
355 48
356 48
357 49
358 49
359 49
360 48
361 48
362 48
363 48
364 48
365 48
366 48
367 48
368 48
369 48
370 48
371 48
372 48
373 48
374 48
375 48
376 49
377 50
378 50
379 50
380 49
381 49
382 49
383 48
384 48
385 48
386 47
387 47
388 47
389 48
390 48
391 48
392 48
393 48
394 48
395 47
396 47
397 47
398 47
399 47
400 47
401 47
402 47
403 47
404 47
405 47
406 47
407 47
408 48
409 49
410 49
411 49
412 49
413 48
414 49
415 48
416 48
417 48
418 48
419 49
420 50
421 51
422 50
423 50
424 50
425 49
426 49
427 49
428 49
429 49
430 49
431 49
432 49
433 49
434 49
435 49
436 49
437 49
438 49
439 49
440 49
441 49
442 50
443 49
444 49
445 49
446 49
447 49
448 50
449 50
450 50
451 50
452 50
453 49
454 49
455 48
456 48
457 49
458 49
459 50
460 49
461 49
462 49
463 49
464 48
465 48
466 48
467 48
468 49
469 50
470 51
471 51
472 51
473 51
474 50
475 50
476 51
477 51
478 52
479 52
480 53
481 53
482 53
483 52
484 52
485 51
486 50
487 50
488 50
489 50
490 50
491 49
492 49
493 49
494 49
495 48
496 48
497 48
498 48
499 48
500 48
501 48
502 48
503 48
504 48
505 47
506 47
507 47
508 48
509 48
510 48
511 48
512 48
513 49
514 49
515 50
516 49
517 49
518 49
519 49
520 50
521 51
522 51
523 52
524 52
525 52
526 51
527 51
528 50
529 50
530 50
531 50
532 50
533 49
534 49
535 49
536 49
537 49
538 49
539 49
540 49
541 48
542 48
543 48
544 48
545 48
546 48
547 48
548 48
549 48
550 48
551 48
552 48
553 48
554 49
555 49
556 48
557 48
558 48
559 47
560 47
561 47
562 47
563 47
564 46
565 46
566 46
567 46
568 46
569 45
570 45
571 45
572 44
573 44
574 44
575 44
576 44
577 44
578 44
579 44
580 44
581 44
582 44
583 44
584 44
585 44
586 44
587 44
588 44
589 44
590 44
591 44
592 44
593 44
594 43
595 43
596 43
597 43
598 42
599 42
600 43
601 43
602 43
603 43
604 43
605 43
606 43
607 43
608 43
609 44
610 44
611 43
612 43
613 43
614 43
615 43
616 43
617 43
618 43
619 44
620 44
621 44
622 44
623 44
624 45
625 46
626 46
627 46
628 46
629 46
630 46
631 47
632 47
633 47
634 47
635 47
636 47
637 47
638 47
639 47
640 47
641 46
642 46
643 47
644 47
645 47
646 47
647 47
648 47
649 47
650 47
651 46
652 46
653 46
654 46
655 47
656 47
657 47
658 48
659 48
660 48
661 47
662 47
663 47
664 47
665 48
666 48
667 48
668 49
669 49
670 49
671 48
672 49
673 48
674 49
675 49
676 49
677 49
678 49
679 50
680 51
681 50
682 50
683 49
684 50
685 50
686 50
687 49
688 49
689 49
690 50
691 50
692 51
693 51
694 50
695 50
696 50
697 50
698 50
699 51
700 50
701 50
702 50
703 49
704 49
705 49
706 50
707 49
708 49
709 49
710 50
711 51
712 50
713 49
714 49
715 49
716 48
717 48
718 49
719 49
720 49
721 49
722 49
723 49
724 49
725 48
726 48
727 48
728 48
729 49
730 49
731 49
732 49
733 49
734 49
735 49
736 49
737 49
738 49
739 49
740 49
741 49
742 50
743 51
744 50
745 50
746 49
747 49
748 49
749 48
750 48
751 48
752 48
753 48
754 47
755 47
756 47
757 48
758 48
759 48
760 48
761 48
762 48
763 48
764 48
765 48
766 48
767 48
768 47
769 48
770 47
771 47
772 47
773 48
774 48
775 49
776 48
777 49
778 48
779 48
780 49
781 49
782 49
783 49
784 49
785 48
786 48
787 48
788 48
789 48
790 49
791 50
792 50
793 51
794 52
795 53
796 52
797 51
798 51
799 51
800 51
801 52
802 52
803 53
804 53
805 53
806 52
807 51
808 51
809 51
810 50
811 50
812 50
813 50
814 50
815 50
816 49
817 49
818 49
819 48
820 48
821 48
822 48
823 48
824 48
825 48
826 48
827 48
828 47
829 47
830 47
831 48
832 48
833 48
834 48
835 48
836 48
837 48
838 48
839 48
840 48
841 46
842 47
843 47
844 47
845 47
846 47
847 47
848 47
849 47
850 47
851 47
852 46
853 47
854 47
855 47
856 46
857 46
858 46
859 45
860 45
861 46
862 45
863 45
864 46
865 46
866 46
867 45
868 46
869 46
870 47
871 48
872 49
873 49
874 49
875 49
876 49
877 48
878 48
879 48
880 48
881 48
882 49
883 49
884 50
885 51
886 51
887 52
888 51
889 51
890 51
891 51
892 51
893 51
894 52
895 51
896 51
897 51
898 50
899 50
900 51
901 52
902 52
903 52
904 52
905 52
906 52
907 51
908 51
909 51
910 51
911 51
912 51
913 50
914 50
915 50
916 50
917 50
918 49
919 49
920 49
921 48
922 48
923 48
924 48
925 48
926 48
927 48
928 48
929 48
930 48
931 48
932 48
933 48
934 48
935 48
936 48
937 48
938 49
939 49
940 50
941 51
942 51
943 51
944 51
945 51
946 52
947 52
948 52
949 52
950 52
951 52
952 53
953 54
954 54
955 55
956 55
957 56
958 56
959 56
960 57
961 57
962 57
963 57
964 57
965 58
966 58
967 58
968 58
969 58
970 58
971 58
972 58
973 58
974 58
975 57
976 57
977 58
978 58
979 58
980 58
981 58
982 58
983 58
984 58
985 58
986 58
987 58
988 58
989 58
990 58
991 58
992 58
993 58
994 58
995 58
996 58
997 58
998 58
999 58
1000 58
1001 58
1002 58
1003 58
1004 58
1005 58
1006 58
1007 58
1008 58
1009 58
1010 58
1011 58
1012 58
1013 58
1014 58
1015 58
1016 58
1017 58
1018 58
1019 57
1020 57
1021 57
1022 58
1023 58
1024 54
1025 51
1026 52
1027 52
1028 52
1029 53
1030 54
1031 54
1032 55
1033 55
1034 55
1035 56
1036 56
1037 57
1038 57
1039 57
1040 57
1041 57
1042 57
1043 57
1044 57
1045 57
1046 57
1047 57
1048 57
1049 58
1050 58
1051 58
1052 58
1053 58
1054 58
1055 58
1056 58
1057 58
1058 57
1059 58
1060 58
1061 58
1062 58
1063 58
1064 58
1065 58
1066 58
1067 58
1068 58
1069 58
1070 57
1071 58
1072 58
1073 58
1074 58
1075 58
1076 58
1077 58
1078 58
1079 58
1080 58
1081 58
1082 57
1083 58
1084 58
1085 58
1086 58
1087 58
1088 58
1089 58
1090 58
1091 58
1092 58
1093 58
1094 58
1095 58
1096 58
1097 58
1098 58
1099 58
1100 58
1101 58
1102 58
1103 58
1104 58
1105 58
1106 58
1107 58
1108 58
1109 58
1110 58
1111 58
1112 58
1113 58
1114 58
1115 58
1116 58
1117 58
1118 58
1119 58
1120 58
1121 58
1122 58
1123 58
1124 58
1125 58
1126 58
1127 58
1128 58
1129 58
1130 58
1131 57
1132 58
1133 58
1134 58
1135 58
1136 58
1137 58
1138 58
1139 58
1140 58
1141 58
1142 57
1143 57
1144 57
1145 57
1146 57
1147 57
1148 57
1149 58
1150 58
1151 58
1152 58
1153 58
1154 58
1155 58
1156 58
1157 58
1158 58
1159 58
1160 59
1161 58
1162 58
1163 58
1164 58
1165 58
1166 58
1167 58
1168 58
1169 58
1170 58
1171 58
1172 58
1173 58
1174 58
1175 58
1176 58
1177 58
1178 58
1179 58
1180 58
1181 58
1182 58
1183 58
1184 58
1185 58
1186 58
1187 58
1188 58
1189 58
1190 58
1191 58
1192 57
1193 57
1194 57
1195 57
1196 58
1197 58
1198 58
1199 58
1200 58
1201 58
1202 58
1203 58
1204 58
1205 58
1206 58
1207 58
1208 58
1209 58
1210 58
1211 58
1212 58
1213 58
1214 58
1215 58
1216 58
1217 58
1218 58
1219 58
1220 58
1221 58
1222 58
1223 58
1224 58
1225 58
1226 56
1227 57
1228 57
1229 57
1230 57
1231 57
1232 57
1233 58
1234 58
1235 58
1236 58
1237 58
1238 58
1239 59
1240 59
1241 58
1242 58
1243 59
1244 59
1245 59
1246 59
1247 59
1248 59
1249 58
1250 58
1251 58
1252 58
1253 58
1254 58
1255 58
1256 58
1257 58
1258 58
1259 58
1260 58
1261 58
1262 58
1263 58
1264 58
1265 58
1266 57
1267 58
1268 58
1269 58
1270 58
1271 58
1272 58
1273 58
1274 58
1275 58
1276 58
1277 58
1278 58
1279 58
1280 58
1281 58
1282 58
1283 58
1284 58
1285 58
1286 58
1287 58
1288 58
1289 58
1290 57
1291 57
1292 58
1293 58
1294 58
1295 58
1296 58
1297 58
1298 58
1299 58
1300 58
1301 58
1302 58
1303 58
1304 58
1305 58
1306 58
1307 58
1308 58
1309 58
1310 58
1311 58
1312 58
1313 56
1314 55
1315 54
1316 54
1317 54
1318 55
1319 55
1320 56
1321 56
1322 56
1323 57
1324 57
1325 57
1326 57
1327 57
1328 58
1329 58
1330 58
1331 58
1332 58
1333 58
1334 58
1335 58
1336 58
1337 58
1338 57
1339 57
1340 58
1341 58
1342 58
1343 58
1344 58
1345 58
1346 58
1347 58
1348 58
1349 58
1350 57
1351 58
1352 58
1353 58
1354 58
1355 58
1356 58
1357 58
1358 58
1359 58
1360 58
1361 58
1362 58
1363 58
1364 58
1365 58
1366 57
1367 57
1368 58
1369 58
1370 58
1371 58
1372 58
1373 58
1374 58
1375 58
1376 58
1377 58
1378 58
1379 58
1380 58
1381 58
1382 58
1383 58
1384 58
1385 58
1386 58
1387 58
1388 58
1389 58
1390 58
1391 58
1392 58
1393 58
1394 58
1395 58
1396 58
1397 58
1398 58
1399 57
1400 55
1401 55
1402 55
1403 54
1404 54
1405 54
1406 55
1407 55
1408 56
1409 56
1410 56
1411 56
1412 56
1413 57
1414 57
1415 57
1416 57
1417 58
1418 58
1419 58
1420 58
1421 58
1422 58
1423 57
1424 58
1425 58
1426 58
1427 58
1428 58
1429 58
1430 58
1431 58
1432 58
1433 58
1434 58
1435 58
1436 58
1437 58
1438 58
1439 58
1440 58
1441 58
1442 58
1443 58
1444 58
1445 58
1446 58
1447 57
1448 58
1449 58
1450 58
1451 58
1452 58
1453 58
1454 58
1455 58
1456 58
1457 58
1458 58
1459 58
1460 57
1461 57
1462 57
1463 58
1464 58
1465 58
1466 58
1467 58
1468 58
1469 58
1470 58
1471 58
1472 58
1473 58
1474 58
1475 58
1476 58
1477 58
1478 58
1479 58
1480 58
1481 58
1482 58
1483 58
1484 57
1485 58
1486 58
1487 58
1488 58
1489 58
1490 58
1491 58
1492 58
1493 58
1494 58
1495 58
1496 58
1497 57
1498 57
1499 58
1500 58
1501 58
1502 58
1503 58
1504 58
1505 58
1506 58
1507 58
1508 58
1509 58
1510 58
1511 58
1512 58
1513 58
1514 58
1515 58
1516 58
1517 58
1518 58
1519 58
1520 58
1521 58
1522 58
1523 58
1524 58
1525 58
1526 58
1527 58
1528 58
1529 58
1530 58
1531 58
1532 58
1533 57
1534 58
1535 58
1536 58
1537 58
1538 58
1539 58
1540 58
1541 57
1542 57
1543 58
1544 58
1545 57
1546 58
1547 58
1548 58
1549 58
1550 58
1551 58
1552 58
1553 58
1554 58
1555 58
1556 58
1557 58
1558 58
1559 58
1560 58
1561 58
1562 58
1563 58
1564 58
1565 58
1566 58
1567 58
1568 58
1569 58
1570 58
1571 58
1572 58
1573 58
1574 58
1575 58
1576 58
1577 58
1578 58
1579 58
1580 58
1581 58
1582 57
1583 58
1584 58
1585 58
1586 58
1587 58
1588 58
1589 58
1590 58
1591 58
1592 58
1593 58
1594 57
1595 58
1596 58
1597 58
1598 58
1599 58
1600 58
1601 58
1602 58
1603 58
1604 58
1605 58
1606 58
1607 58
1608 58
1609 58
1610 58
1611 58
1612 58
1613 58
1614 58
1615 58
1616 58
1617 58
1618 58
1619 58
1620 58
1621 58
1622 58
1623 58
1624 58
1625 58
1626 58
1627 58
1628 58
1629 58
1630 58
1631 58
1632 58
1633 58
1634 58
1635 58
1636 58
1637 58
1638 58
1639 58
1640 58
1641 58
1642 58
1643 57
1644 58
1645 58
1646 58
1647 58
1648 58
1649 58
1650 58
1651 58
1652 58
1653 58
1654 58
1655 58
1656 58
1657 58
1658 58
1659 58
1660 58
1661 58
1662 58
1663 58
1664 58
1665 58
1666 58
1667 58
1668 58
1669 58
1670 58
1671 58
1672 58
1673 58
1674 58
1675 58
1676 58
1677 58
1678 58
1679 58
1680 58
1681 58
1682 58
1683 58
1684 58
1685 58
1686 58
1687 58
1688 58
1689 58
1690 58
1691 56
1692 55
1693 55
1694 54
1695 54
1696 54
1697 55
1698 54
1699 55
1700 55
1701 55
1702 55
1703 55
1704 55
1705 54
1706 54
1707 54
1708 52
1709 52
1710 52
1711 52
1712 52
1713 51
1714 51
1715 51
1716 51
1717 51
1718 51
1719 51
1720 52
1721 53
1722 53
1723 54
1724 55
1725 55
1726 55
1727 56
1728 56
1729 56
1730 56
1731 57
1732 57
1733 57
1734 57
1735 57
1736 57
1737 57
1738 57
1739 57
1740 57
1741 57
1742 58
1743 58
1744 58
1745 58
1746 58
1747 58
1748 58
1749 58
1750 57
1751 58
1752 58
1753 58
1754 58
1755 58
1756 58
1757 58
1758 58
1759 58
1760 58
1761 58
1762 57
1763 58
1764 58
1765 58
1766 58
1767 58
1768 58
1769 58
1770 58
1771 58
1772 58
1773 58
1774 58
1775 58
1776 58
1777 58
1778 58
1779 58
1780 58
1781 58
1782 58
1783 58
1784 58
1785 58
1786 57
1787 58
1788 58
1789 58
1790 58
1791 58
1792 58
1793 58
1794 58
1795 58
1796 58
1797 58
1798 58
1799 58
1800 58
1801 58
1802 58
1803 58
1804 58
1805 58
1806 58
1807 58
1808 58
1809 58
1810 58
1811 57
1812 58
1813 58
1814 58
1815 58
1816 58
1817 58
1818 58
1819 58
1820 58
1821 58
1822 58
1823 58
1824 58
1825 58
1826 58
1827 58
1828 58
1829 58
1830 58
1831 58
1832 58
1833 58
1834 58
1835 57
1836 57
1837 58
1838 58
1839 58
1840 58
1841 58
1842 58
1843 58
1844 58
1845 58
1846 58
1847 58
1848 58
1849 58
1850 58
1851 58
1852 58
1853 58
1854 58
1855 58
1856 58
1857 58
1858 58
1859 58
1860 58
1861 58
1862 58
1863 58
1864 58
1865 58
1866 58
1867 58
1868 58
1869 58
1870 58
1871 58
1872 58
1873 58
1874 58
1875 58
1876 58
1877 58
1878 58
1879 58
1880 58
1881 58
1882 58
1883 58
1884 57
1885 58
1886 58
1887 57
1888 57
1889 57
1890 58
1891 58
1892 58
1893 58
1894 58
1895 58
1896 58
1897 58
1898 58
1899 58
1900 58
1901 58
1902 58
1903 58
1904 58
1905 58
1906 58
1907 58
1908 58
1909 58
1910 58
1911 58
1912 58
1913 58
1914 58
1915 58
1916 58
1917 58
1918 58
1919 58
1920 58
1921 58
1922 58
1923 58
1924 58
1925 58
1926 58
1927 58
1928 58
1929 58
1930 58
1931 58
1932 58
1933 58
1934 58
1935 58
1936 58
1937 58
1938 58
1939 58
1940 58
1941 58
1942 58
1943 58
1944 58
1945 57
1946 58
1947 58
1948 58
1949 58
1950 58
1951 58
1952 58
1953 58
1954 58
1955 58
1956 58
1957 58
1958 58
1959 58
1960 58
1961 58
1962 58
1963 58
1964 58
1965 58
1966 58
1967 58
1968 58
1969 58
1970 58
1971 58
1972 58
1973 58
1974 58
1975 58
1976 58
1977 58
1978 58
1979 57
1980 57
1981 57
1982 57
1983 57
1984 57
1985 57
1986 57
1987 57
1988 57
1989 57
1990 56
1991 55
1992 55
1993 54
1994 54
1995 54
1996 55
1997 53
1998 53
1999 53
2000 53
2001 53
2002 53
2003 54
2004 54
2005 54
2006 53
2007 53
2008 53
2009 53
2010 52
2011 52
2012 53
2013 52
2014 53
2015 54
2016 53
2017 53
2018 53
2019 53
2020 53
2021 53
2022 53
2023 53
2024 53
2025 54
2026 54
2027 55
2028 55
2029 56
2030 56
2031 56
2032 57
2033 57
2034 57
2035 57
2036 58
2037 58
2038 58
2039 57
2040 57
2041 58
2042 58
2043 58
2044 58
2045 58
2046 58
2047 58
2048 58
2049 58
2050 58
2051 58
2052 58
2053 58
2054 58
2055 58
2056 58
2057 58
2058 58
2059 57
2060 57
2061 57
2062 58
2063 58
2064 58
2065 58
2066 58
2067 58
2068 58
2069 58
2070 58
2071 58
2072 58
2073 58
2074 58
2075 58
2076 58
2077 58
2078 58
2079 58
2080 58
2081 58
2082 58
2083 58
2084 58
2085 58
2086 58
2087 58
2088 58
2089 58
2090 58
2091 56
2092 56
2093 55
2094 55
2095 55
2096 54
2097 54
2098 54
2099 54
2100 55
2101 55
2102 56
2103 56
2104 57
2105 57
2106 57
2107 57
2108 57
2109 57
2110 57
2111 58
2112 57
2113 57
2114 58
2115 58
2116 58
2117 58
2118 58
2119 58
2120 58
2121 58
2122 58
2123 58
2124 57
2125 57
2126 58
2127 58
2128 58
2129 58
2130 58
2131 58
2132 58
2133 58
2134 58
2135 58
2136 58
2137 58
2138 58
2139 58
2140 58
2141 58
2142 58
2143 58
2144 58
2145 58
2146 58
2147 58
2148 57
2149 58
2150 58
2151 58
2152 58
2153 58
2154 58
2155 58
2156 58
2157 58
2158 58
2159 58
2160 58
2161 57
2162 58
2163 58
2164 58
2165 58
2166 58
2167 58
2168 58
2169 58
2170 58
2171 58
2172 58
2173 58
2174 58
2175 58
2176 58
2177 58
2178 58
2179 58
2180 58
2181 58
2182 58
2183 58
2184 58
2185 58
2186 58
2187 58
2188 58
2189 58
2190 58
2191 58
2192 58
2193 58
2194 58
2195 58
2196 58
2197 57
2198 57
2199 57
2200 57
2201 58
2202 58
2203 58
2204 58
2205 58
2206 58
2207 58
2208 58
2209 58
2210 58
2211 58
2212 58
2213 58
2214 58
2215 58
2216 58
2217 58
2218 58
2219 58
2220 58
2221 58
2222 58
2223 58
2224 58
2225 58
2226 58
2227 58
2228 58
2229 58
2230 58
2231 58
2232 58
2233 57
2234 57
2235 57
2236 57
2237 57
2238 58
2239 58
2240 58
2241 58
2242 58
2243 58
2244 58
2245 58
2246 58
2247 58
2248 58
2249 58
2250 58
2251 58
2252 58
2253 58
2254 58
2255 58
2256 58
2257 58
2258 58
2259 58
2260 58
2261 58
2262 58
2263 58
2264 58
2265 56
2266 57
2267 57
2268 57
2269 57
2270 58
2271 57
2272 58
2273 58
2274 58
2275 58
2276 58
2277 58
2278 58
2279 59
2280 59
2281 59
2282 59
2283 58
2284 58
2285 58
2286 59
2287 58
2288 58
2289 58
2290 58
2291 58
2292 58
2293 57
2294 58
2295 56
2296 57
2297 57
2298 57
2299 57
2300 58
2301 58
2302 58
2303 58
2304 58
2305 58
2306 58
2307 58
2308 58
2309 59
2310 59
2311 59
2312 59
2313 59
2314 59
2315 58
2316 58
2317 58
2318 58
2319 58
2320 58
2321 58
2322 58
2323 58
2324 58
2325 58
2326 58
2327 58
2328 58
2329 58
2330 58
2331 58
2332 58
2333 58
2334 58
2335 58
2336 58
2337 58
2338 58
2339 58
2340 58
2341 58
2342 58
2343 58
2344 58
2345 58
2346 58
2347 58
2348 58
2349 58
2350 58
2351 58
2352 58
2353 58
2354 58
2355 58
2356 57
2357 58
2358 58
2359 58
2360 58
2361 58
2362 58
2363 58
2364 58
2365 58
2366 58
2367 58
2368 58
2369 58
2370 58
2371 58
2372 58
2373 58
2374 58
2375 58
2376 58
2377 58
2378 58
2379 58
2380 58
2381 58
2382 58
2383 58
2384 58
2385 58
2386 58
2387 58
2388 58
2389 58
2390 58
2391 58
2392 58
2393 58
2394 58
2395 58
2396 58
2397 58
2398 58
2399 58
2400 58
2401 58
2402 58
2403 58
2404 58
2405 57
2406 57
2407 58
2408 57
2409 57
2410 57
2411 58
2412 58
2413 58
2414 58
2415 58
2416 58
2417 58
2418 58
2419 58
2420 58
2421 58
2422 58
2423 58
2424 58
2425 58
2426 58
2427 58
2428 58
2429 58
2430 58
2431 58
2432 58
2433 58
2434 58
2435 58
2436 58
2437 58
2438 58
2439 58
2440 58
2441 58
2442 58
2443 58
2444 58
2445 58
2446 58
2447 58
2448 58
2449 58
2450 58
2451 58
2452 58
2453 58
2454 57
2455 57
2456 58
2457 58
2458 58
2459 58
2460 58
2461 58
2462 58
2463 58
2464 58
2465 58
2466 58
2467 58
2468 58
2469 58
2470 58
2471 58
2472 58
2473 58
2474 58
2475 58
2476 58
2477 58
2478 58
2479 58
2480 58
2481 58
2482 58
2483 58
2484 58
2485 58
2486 58
2487 58
2488 58
2489 58
2490 58
2491 57
2492 58
2493 58
2494 58
2495 58
2496 58
2497 58
2498 58
2499 58
2500 58
2501 58
2502 58
2503 57
2504 58
2505 58
2506 58
2507 58
2508 58
2509 58
2510 58
2511 58
2512 58
2513 58
2514 58
2515 58
2516 58
2517 58
2518 58
2519 58
2520 58
2521 58
2522 58
2523 58
2524 58
2525 58
2526 58
2527 58
2528 58
2529 58
2530 58
2531 58
2532 58
2533 58
2534 58
2535 58
2536 58
2537 58
2538 58
2539 58
2540 57
2541 58
2542 58
2543 58
2544 58
2545 58
2546 58
2547 58
2548 58
2549 58
2550 58
2551 58
2552 57
2553 58
2554 58
2555 58
2556 58
2557 57
2558 57
2559 56
2560 56
2561 56
2562 56
2563 55
2564 53
2565 53
2566 53
2567 52
2568 52
2569 52
2570 53
2571 53
2572 54
2573 54
2574 55
2575 55
2576 55
2577 55
2578 56
2579 56
2580 57
2581 57
2582 56
2583 56
2584 57
2585 57
2586 57
2587 57
2588 57
2589 57
2590 58
2591 58
2592 58
2593 58
2594 58
2595 58
2596 58
2597 58
2598 58
2599 58
2600 58
2601 58
2602 58
2603 58
2604 58
2605 58
2606 58
2607 58
2608 58
2609 58
2610 58
2611 58
2612 58
2613 56
2614 56
2615 55
2616 55
2617 55
2618 54
2619 54
2620 54
2621 55
2622 55
2623 55
2624 55
2625 56
2626 56
2627 57
2628 57
2629 57
2630 57
2631 58
2632 58
2633 58
2634 58
2635 57
2636 58
2637 58
2638 58
2639 58
2640 58
2641 58
2642 58
2643 58
2644 58
2645 58
2646 58
2647 57
2648 57
2649 58
2650 58
2651 58
2652 58
2653 58
2654 58
2655 58
2656 58
2657 58
2658 58
2659 58
2660 58
2661 58
2662 58
2663 58
2664 58
2665 58
2666 58
2667 58
2668 58
2669 58
2670 58
2671 58
2672 58
2673 58
2674 58
2675 58
2676 58
2677 58
2678 58
2679 58
2680 58
2681 58
2682 58
2683 58
2684 58
2685 58
2686 58
2687 58
2688 58
2689 58
2690 58
2691 58
2692 58
2693 58
2694 58
2695 58
2696 57
2697 57
2698 58
2699 58
2700 58
2701 58
2702 58
2703 58
2704 58
2705 58
2706 58
2707 58
2708 58
2709 58
2710 58
2711 58
2712 58
2713 58
2714 58
2715 58
2716 58
2717 58
2718 58
2719 58
2720 58
2721 58
2722 58
2723 58
2724 58
2725 58
2726 58
2727 58
2728 58
2729 58
2730 58
2731 58
2732 58
2733 58
2734 58
2735 58
2736 58
2737 58
2738 58
2739 58
2740 58
2741 58
2742 58
2743 58
2744 58
2745 57
2746 58
2747 58
2748 58
2749 58
2750 58
2751 58
2752 58
2753 58
2754 58
2755 58
2756 57
2757 57
2758 57
2759 57
2760 57
2761 58
2762 58
2763 58
2764 58
2765 58
2766 58
2767 58
2768 58
2769 58
2770 58
2771 58
2772 58
2773 58
2774 58
2775 58
2776 58
2777 58
2778 58
2779 58
2780 58
2781 58
2782 58
2783 58
2784 58
2785 58
2786 58
2787 56
2788 57
2789 57
2790 57
2791 57
2792 58
2793 58
2794 57
2795 58
2796 58
2797 58
2798 58
2799 58
2800 58
2801 59
2802 59
2803 59
2804 59
2805 59
2806 58
2807 58
2808 58
2809 59
2810 58
2811 58
2812 58
2813 58
2814 58
2815 58
2816 58
2817 58
2818 58
2819 58
2820 58
2821 58
2822 58
2823 58
2824 58
2825 58
2826 58
2827 58
2828 58
2829 58
2830 58
2831 58
2832 58
2833 58
2834 58
2835 58
2836 58
2837 58
2838 58
2839 58
2840 58
2841 58
2842 58
2843 58
