0 56
1 51
2 50
3 48
4 46
5 45
6 44
7 43
8 42
9 41
10 40
11 40
12 40
13 39
14 38
15 38
16 37
17 36
18 37
19 37
20 36
21 36
22 36
23 37
24 37
25 37
26 37
27 36
28 35
29 36
30 36
31 36
32 36
33 36
34 36
35 37
36 36
37 37
38 37
39 36
40 36
41 36
42 35
43 35
44 36
45 35
46 36
47 36
48 36
49 35
50 36
51 36
52 36
53 36
54 36
55 36
56 36
57 35
58 35
59 35
60 36
61 36
62 37
63 36
64 36
65 36
66 37
67 37
68 37
69 36
70 36
71 36
72 37
73 37
74 37
75 37
76 37
77 37
78 37
79 37
80 37
81 37
82 37
83 37
84 38
85 38
86 38
87 37
88 37
89 37
90 37
91 38
92 38
93 38
94 38
95 38
96 38
97 38
98 38
99 38
100 38
101 38
102 38
103 38
104 38
105 38
106 38
107 38
108 38
109 37
110 38
111 37
112 37
113 37
114 38
115 38
116 38
117 38
118 38
119 38
120 38
121 38
122 38
123 38
124 38
125 38
126 37
127 37
128 37
129 38
130 38
131 37
132 37
133 37
134 37
135 36
136 35
137 34
138 35
139 35
140 35
141 35
142 36
143 36
144 36
145 36
146 36
147 37
148 37
149 37
150 36
151 37
152 37
153 37
154 37
155 37
156 37
157 37
158 37
159 37
160 36
161 36
162 36
163 37
164 37
165 37
166 37
167 36
168 37
169 36
170 36
171 36
172 37
173 36
174 36
175 37
176 36
177 36
178 37
179 37
180 36
181 36
182 36
183 36
184 36
185 36
186 36
187 37
188 37
189 37
190 37
191 37
192 38
193 38
194 38
195 38
196 38
197 38
198 38
199 36
200 35
201 34
202 34
203 35
204 35
205 36
206 36
207 36
208 37
209 37
210 37
211 37
212 37
213 38
214 38
215 38
216 38
217 38
218 38
219 38
220 38
221 38
222 39
223 39
224 39
225 39
226 39
227 39
228 39
229 39
230 39
231 39
232 38
233 38
234 38
235 38
236 38
237 38
238 38
239 38
240 38
241 38
242 38
243 38
244 38
245 37
246 37
247 37
248 38
249 38
250 38
251 38
252 38
253 37
254 38
255 38
256 37
257 37
258 38
259 37
260 38
261 37
262 37
263 38
264 35
265 34
266 33
267 31
268 30
269 29
270 28
271 27
272 28
273 29
274 30
275 30
276 30
277 31
278 32
279 33
280 33
281 33
282 34
283 34
284 34
285 34
286 34
287 35
288 35
289 35
290 36
291 36
292 36
293 36
294 36
295 37
296 37
297 37
298 37
299 37
300 37
301 38
302 38
303 38
304 38
305 38
306 38
307 38
308 38
309 38
310 38
311 38
312 38
313 38
314 38
315 38
316 38
317 38
318 38
319 38
320 38
321 38
322 38
323 38
324 38
325 38
326 38
327 38
328 38
329 39
330 39
331 38
332 38
333 39
334 39
335 39
336 39
337 39
338 39
339 39
340 39
341 39
342 39
343 39
344 39
345 39
346 39
347 39
348 39
349 39
350 39
351 39
352 38
353 38
354 38
355 38
356 38
357 38
358 38
359 37
360 37
361 37
362 38
363 38
364 38
365 38
366 38
367 38
368 38
369 38
370 38
371 38
372 38
373 38
374 38
375 38
376 38
377 38
378 38
379 38
380 38
381 38
382 38
383 38
384 38
385 39
386 39
387 39
388 38
389 38
390 38
391 38
392 38
393 38
394 39
395 39
396 38
397 38
398 38
399 39
400 39
401 38
402 38
403 38
404 38
405 38
406 38
407 38
408 38
409 38
410 38
411 38
412 38
413 38
414 38
415 38
416 39
417 39
418 39
419 39
420 38
421 38
422 38
423 39
424 39
425 39
426 39
427 39
428 39
429 39
430 38
431 38
432 39
433 38
434 38
435 39
436 38
437 38
438 38
439 39
440 39
441 38
442 38
443 38
444 38
445 38
446 38
447 38
448 38
449 38
450 37
451 37
452 36
453 36
454 36
455 37
456 37
457 36
458 37
459 37
460 37
461 37
462 37
463 37
464 37
465 37
466 37
467 38
468 37
469 38
470 38
471 38
472 38
473 38
474 38
475 38
476 38
477 38
478 38
479 38
480 39
481 39
482 39
483 39
484 39
485 39
486 39
487 39
488 39
489 39
490 39
491 39
492 39
493 39
494 39
495 39
496 39
497 39
498 39
499 39
500 39
501 39
502 39
503 39
504 39
505 39
506 39
507 39
508 39
509 39
510 39
511 39
512 39
513 39
514 39
515 39
516 39
517 39
518 38
519 38
520 39
521 39
522 39
523 39
524 39
525 39
526 39
527 39
528 39
529 39
530 39
531 39
532 39
533 39
534 39
535 39
536 39
537 39
538 39
539 39
540 39
541 39
542 39
543 39
544 39
545 38
546 38
547 38
548 38
549 38
550 38
551 37
552 38
553 38
554 38
555 38
556 38
557 38
558 37
559 37
560 37
561 37
562 38
563 38
564 38
565 38
566 37
567 37
568 38
569 38
570 38
571 38
572 38
573 37
574 37
575 37
576 37
577 38
578 38
579 37
580 38
581 37
582 37
583 38
584 38
585 38
586 38
587 38
588 38
589 38
590 38
591 38
592 39
593 39
594 39
595 39
596 39
597 39
598 39
599 39
600 39
601 39
602 39
603 39
604 39
605 39
606 39
607 39
608 39
609 39
610 39
611 39
612 39
613 39
614 39
615 39
616 39
617 38
618 38
619 38
620 37
621 38
622 37
623 37
624 37
625 38
626 38
627 38
628 38
629 38
630 38
631 38
632 38
633 38
634 38
635 38
636 38
637 38
638 38
639 38
640 38
641 39
642 39
643 39
644 39
645 39
646 39
647 39
648 39
649 39
650 39
651 39
652 39
653 39
654 39
655 39
656 39
657 39
658 39
659 39
660 39
661 39
662 39
663 39
664 39
665 39
666 39
667 39
668 39
669 39
670 39
671 39
672 39
673 39
674 39
675 39
676 39
677 39
678 39
679 39
680 39
681 39
682 39
683 39
684 39
685 39
686 39
687 39
688 39
689 39
690 39
691 39
692 39
693 39
694 39
695 39
696 39
697 39
698 39
699 39
700 39
701 39
702 39
703 39
704 39
705 39
706 39
707 39
708 39
709 39
710 39
711 37
712 35
713 34
714 33
715 31
716 30
717 29
718 28
719 27
720 27
721 26
722 25
723 25
724 27
725 28
726 29
727 30
728 31
729 32
730 32
731 33
732 34
733 34
734 34
735 35
736 35
737 36
738 36
739 36
740 36
741 36
742 36
743 37
744 37
745 37
746 37
747 38
748 38
749 38
750 38
751 38
752 38
753 38
754 38
755 39
756 39
757 39
758 39
759 39
760 39
761 39
762 39
763 39
764 39
765 39
766 39
767 38
768 38
769 38
770 38
771 38
772 38
773 38
774 38
775 38
776 38
777 38
778 37
779 38
780 38
781 38
782 37
783 38
784 38
785 38
786 38
787 38
788 39
789 39
790 39
791 38
792 39
793 39
794 39
795 39
796 39
797 39
798 39
799 39
800 39
801 39
802 39
803 39
804 39
805 39
806 39
807 39
808 39
809 39
810 39
811 39
812 39
813 39
814 39
815 39
816 39
817 39
818 39
819 39
820 39
821 39
822 39
823 39
824 39
825 39
826 39
827 39
828 39
829 39
830 39
831 39
832 39
833 39
834 39
835 39
836 39
837 39
838 39
839 39
840 39
841 39
842 39
843 39
844 39
845 37
846 37
847 36
848 36
849 36
850 37
851 37
852 38
853 38
854 38
855 38
856 38
857 38
858 38
859 38
860 38
861 38
862 39
863 39
864 38
865 39
866 39
867 39
868 39
869 39
870 39
871 39
872 39
873 39
874 39
875 39
876 39
877 39
878 39
879 39
880 39
881 39
882 38
883 38
884 38
885 38
886 38
887 38
888 37
889 38
890 38
891 38
892 38
893 38
894 38
895 38
896 38
897 37
898 37
899 37
900 38
901 38
902 38
903 38
904 38
905 38
906 39
907 39
908 39
909 39
910 39
911 39
912 39
913 39
914 39
915 39
916 39
917 39
918 39
919 39
920 39
921 39
922 39
923 39
924 39
925 39
926 39
927 39
928 39
929 39
930 39
931 39
932 39
933 39
934 39
935 39
936 39
937 39
938 39
939 39
940 39
941 39
942 39
943 39
944 39
945 40
946 39
947 39
948 39
949 39
950 39
951 39
952 39
953 39
954 39
955 39
956 39
957 40
958 40
959 40
960 40
961 40
962 40
963 39
964 39
965 39
966 39
967 39
968 40
969 40
970 40
971 39
972 39
973 39
974 38
975 38
976 38
977 38
978 38
979 38
980 38
981 39
982 39
983 39
984 39
985 39
986 39
987 39
988 39
989 39
990 39
991 39
992 39
993 39
994 39
995 39
996 39
997 39
998 39
999 39
1000 39
1001 39
1002 39
1003 39
1004 39
1005 39
1006 39
1007 39
1008 39
1009 39
1010 39
1011 39
1012 39
1013 39
1014 39
1015 39
1016 39
1017 39
1018 40
1019 40
1020 40
1021 39
1022 39
1023 39
1024 39
1025 40
1026 40
1027 40
1028 40
1029 39
1030 39
1031 39
1032 39
1033 39
1034 40
1035 40
1036 40
1037 39
1038 40
1039 40
1040 40
1041 40
1042 38
1043 38
1044 38
1045 38
1046 38
1047 39
1048 39
1049 39
1050 39
1051 39
1052 39
1053 39
1054 39
1055 39
1056 39
1057 39
1058 39
1059 39
1060 39
1061 39
1062 39
1063 39
1064 39
1065 39
1066 39
1067 39
1068 39
1069 39
1070 39
1071 39
1072 39
1073 39
1074 39
1075 39
1076 39
1077 40
1078 40
1079 38
1080 39
1081 39
1082 39
1083 39
1084 39
1085 39
1086 39
1087 39
1088 39
1089 39
1090 39
1091 39
1092 39
1093 39
1094 39
1095 39
1096 39
1097 39
1098 39
1099 39
1100 39
1101 39
1102 39
1103 39
1104 39
1105 39
1106 39
1107 39
1108 39
1109 39
1110 40
1111 40
1112 39
1113 39
1114 39
1115 39
1116 39
1117 40
1118 40
1119 40
1120 39
1121 39
1122 40
1123 40
1124 40
1125 40
1126 40
1127 40
1128 40
1129 40
1130 40
1131 40
1132 40
1133 40
1134 40
1135 40
1136 40
1137 39
1138 39
1139 39
1140 40
1141 40
1142 40
1143 40
1144 40
1145 39
1146 39
1147 39
1148 40
1149 40
1150 40
1151 40
1152 40
1153 40
1154 39
1155 39
1156 39
1157 39
1158 39
1159 39
1160 40
1161 40
1162 39
1163 39
1164 39
1165 39
1166 39
1167 40
1168 40
1169 40
1170 40
1171 40
1172 40
1173 40
1174 40
1175 40
1176 40
1177 40
1178 40
1179 40
1180 40
1181 40
1182 40
1183 40
1184 40
1185 40
1186 40
1187 39
1188 40
1189 40
1190 40
1191 40
1192 40
1193 40
1194 40
1195 40
1196 39
1197 39
1198 39
1199 39
1200 39
1201 39
1202 39
1203 39
1204 39
1205 39
1206 39
1207 39
1208 39
1209 37
1210 36
1211 34
1212 33
1213 31
1214 30
1215 29
1216 28
1217 28
1218 27
1219 26
1220 25
1221 25
1222 24
1223 26
1224 27
1225 28
1226 29
1227 29
1228 30
1229 31
1230 32
1231 32
1232 33
1233 34
1234 34
1235 35
1236 35
1237 36
1238 36
1239 36
1240 37
1241 37
1242 37
1243 37
1244 38
1245 38
1246 38
1247 38
1248 38
1249 38
1250 38
1251 38
1252 38
1253 39
1254 39
1255 39
1256 39
1257 39
1258 39
1259 39
1260 39
1261 39
1262 39
1263 39
1264 39
1265 39
1266 39
1267 39
1268 39
1269 39
1270 39
1271 39
1272 39
1273 39
1274 39
1275 39
1276 39
1277 39
1278 39
1279 39
1280 39
1281 39
1282 39
1283 39
1284 39
1285 39
1286 39
1287 39
1288 39
1289 39
1290 39
1291 39
1292 39
1293 39
1294 39
1295 39
1296 39
1297 39
1298 39
1299 39
1300 39
1301 39
1302 39
1303 39
1304 39
1305 39
1306 39
1307 39
1308 39
1309 39
1310 39
1311 39
1312 39
1313 39
1314 39
1315 39
1316 39
1317 39
1318 39
1319 39
1320 39
1321 39
1322 39
1323 39
1324 39
1325 39
1326 39
1327 39
1328 39
1329 39
1330 39
1331 39
1332 39
1333 39
1334 39
1335 39
1336 39
1337 39
1338 39
1339 39
1340 39
1341 39
1342 39
1343 39
1344 39
1345 39
1346 39
1347 39
1348 39
1349 39
1350 39
1351 39
1352 39
1353 39
1354 39
1355 39
1356 39
1357 39
1358 39
1359 39
1360 39
1361 39
1362 39
1363 39
1364 39
1365 39
1366 39
1367 39
1368 39
1369 39
1370 39
1371 39
1372 39
1373 39
1374 39
1375 39
1376 39
1377 39
1378 39
1379 39
1380 39
1381 39
1382 39
1383 38
1384 38
1385 38
1386 38
1387 39
1388 39
1389 38
1390 39
1391 38
1392 38
1393 38
1394 38
1395 39
1396 38
1397 37
1398 37
1399 37
1400 37
1401 37
1402 38
1403 38
1404 38
1405 38
1406 38
1407 38
1408 38
1409 38
1410 36
1411 36
1412 35
1413 35
1414 35
1415 36
1416 36
1417 36
1418 36
1419 35
1420 35
1421 36
1422 36
1423 36
1424 37
1425 37
1426 37
1427 37
1428 38
1429 38
1430 38
1431 38
1432 38
1433 38
1434 38
1435 38
1436 38
1437 38
1438 38
1439 38
1440 39
1441 39
1442 39
1443 39
1444 39
1445 39
1446 39
1447 39
1448 39
1449 39
1450 39
1451 39
1452 39
1453 39
1454 39
1455 39
1456 39
1457 39
1458 39
1459 39
1460 39
1461 39
1462 39
1463 39
1464 39
1465 39
1466 39
1467 39
1468 39
1469 39
1470 39
1471 39
1472 39
1473 39
1474 39
1475 39
1476 39
1477 39
1478 39
1479 39
1480 39
1481 39
1482 39
1483 39
1484 39
1485 39
1486 39
1487 39
1488 39
1489 40
1490 40
1491 40
1492 40
1493 40
1494 39
1495 39
1496 39
1497 39
1498 39
1499 39
1500 40
1501 40
1502 39
1503 39
1504 39
1505 39
1506 39
1507 39
1508 39
1509 39
1510 39
1511 39
1512 39
1513 39
1514 39
1515 40
1516 40
1517 40
1518 40
1519 39
1520 39
1521 39
1522 39
1523 39
1524 39
1525 39
1526 39
1527 39
1528 39
1529 39
1530 39
1531 39
1532 39
1533 40
1534 40
1535 40
1536 39
1537 39
1538 38
1539 39
1540 39
1541 39
1542 39
1543 39
1544 39
1545 39
1546 39
1547 39
1548 39
1549 39
1550 39
1551 39
1552 39
1553 39
1554 39
1555 39
1556 39
1557 39
1558 39
1559 39
1560 39
1561 39
1562 39
1563 39
1564 39
1565 39
1566 39
1567 39
1568 39
1569 39
1570 39
1571 39
1572 39
1573 39
1574 39
1575 39
1576 39
1577 39
1578 39
1579 39
1580 39
1581 39
1582 39
1583 39
1584 39
1585 39
1586 39
1587 39
1588 39
1589 39
1590 39
1591 40
1592 37
1593 37
1594 37
1595 37
1596 37
1597 37
1598 38
1599 37
1600 37
1601 37
1602 38
1603 38
1604 37
1605 37
1606 37
1607 36
1608 36
1609 37
1610 37
1611 37
1612 38
1613 38
1614 38
1615 38
1616 38
1617 38
1618 38
1619 38
1620 39
1621 39
1622 39
1623 39
1624 39
1625 39
1626 39
1627 39
1628 39
1629 39
1630 39
1631 39
1632 39
1633 39
1634 39
1635 39
1636 39
1637 39
1638 39
1639 39
1640 39
1641 39
1642 39
1643 39
1644 39
1645 39
1646 39
1647 40
1648 40
1649 39
1650 39
1651 39
1652 39
1653 39
1654 40
1655 40
1656 40
1657 39
1658 39
1659 39
1660 39
1661 39
1662 40
1663 40
1664 40
1665 40
1666 39
1667 40
1668 40
1669 40
1670 39
1671 39
1672 39
1673 39
1674 39
1675 39
1676 39
1677 39
1678 39
1679 39
1680 39
1681 39
1682 39
1683 39
1684 39
1685 39
1686 39
1687 39
1688 39
1689 40
1690 40
1691 39
1692 39
1693 39
1694 39
1695 40
1696 40
1697 40
1698 38
1699 36
1700 34
1701 33
1702 31
1703 30
1704 29
1705 29
1706 28
1707 27
1708 26
1709 25
1710 25
1711 24
1712 26
1713 27
1714 28
1715 30
1716 31
1717 31
1718 32
1719 33
1720 33
1721 34
1722 35
1723 35
1724 35
1725 36
1726 36
1727 36
1728 37
1729 37
1730 37
1731 37
1732 38
1733 38
1734 38
1735 38
1736 38
1737 38
1738 38
1739 38
1740 38
1741 39
1742 39
1743 39
1744 39
1745 39
1746 39
1747 39
1748 39
1749 39
1750 39
1751 39
1752 39
1753 39
1754 39
1755 39
1756 39
1757 39
1758 39
1759 39
1760 39
1761 39
1762 39
1763 39
1764 39
1765 39
1766 39
1767 39
1768 39
1769 39
1770 39
1771 39
1772 39
1773 39
1774 39
1775 39
1776 39
1777 39
1778 39
1779 39
1780 39
1781 39
1782 39
1783 39
1784 39
1785 39
1786 39
1787 39
1788 39
1789 39
1790 39
1791 39
1792 38
1793 37
1794 38
1795 38
1796 37
1797 37
1798 37
1799 38
1800 38
1801 38
1802 38
1803 38
1804 38
1805 38
1806 38
1807 37
1808 38
1809 38
1810 38
1811 38
1812 38
1813 38
1814 38
1815 38
1816 38
1817 38
1818 38
1819 38
1820 39
1821 39
1822 39
1823 39
1824 39
1825 39
1826 39
1827 39
1828 39
1829 39
1830 39
1831 39
1832 39
1833 39
1834 39
1835 39
1836 39
1837 39
1838 39
1839 39
1840 39
1841 39
1842 39
1843 39
1844 39
1845 39
1846 39
1847 39
1848 39
1849 39
1850 39
1851 39
1852 39
1853 39
1854 39
1855 39
1856 40
1857 40
1858 40
1859 39
1860 39
1861 39
1862 39
1863 39
1864 39
1865 40
1866 40
1867 39
1868 39
1869 39
1870 39
1871 39
1872 39
1873 39
1874 40
1875 39
1876 39
1877 39
1878 39
1879 39
1880 39
1881 40
1882 40
1883 40
1884 39
1885 39
1886 38
1887 38
1888 38
1889 38
1890 39
1891 39
1892 39
1893 38
1894 38
1895 39
1896 39
1897 39
1898 39
1899 39
1900 39
1901 39
1902 39
1903 39
1904 39
1905 39
1906 39
1907 39
1908 39
1909 39
1910 39
1911 39
1912 39
1913 39
1914 39
1915 39
1916 39
1917 39
1918 39
1919 39
1920 40
1921 40
1922 40
1923 40
1924 40
1925 39
1926 39
1927 39
1928 39
1929 39
1930 39
1931 39
1932 39
1933 39
1934 39
1935 39
1936 39
1937 39
1938 39
1939 40
1940 39
1941 40
1942 39
1943 39
1944 39
1945 39
1946 39
1947 40
1948 40
1949 40
1950 39
1951 39
1952 39
1953 39
1954 39
1955 39
1956 39
1957 40
1958 39
1959 39
1960 39
1961 39
1962 39
1963 39
1964 39
1965 39
1966 39
1967 39
1968 39
1969 39
1970 39
1971 39
1972 40
1973 40
1974 40
1975 39
1976 39
1977 39
1978 39
1979 39
1980 39
1981 40
1982 40
1983 39
1984 39
1985 39
1986 39
1987 39
1988 39
1989 40
1990 39
1991 39
1992 39
1993 39
1994 39
1995 38
1996 38
1997 38
1998 38
1999 39
2000 37
2001 38
2002 38
2003 38
2004 38
2005 38
2006 39
2007 39
2008 38
2009 38
2010 38
2011 38
2012 38
2013 37
2014 38
2015 38
2016 38
2017 38
2018 38
2019 38
2020 38
2021 39
2022 39
2023 39
2024 39
2025 39
2026 39
2027 39
2028 39
2029 39
2030 39
2031 39
2032 39
2033 39
2034 39
2035 39
2036 39
2037 39
2038 39
2039 39
2040 39
2041 39
2042 39
2043 39
2044 39
2045 39
2046 40
2047 40
2048 40
2049 39
2050 39
2051 39
2052 39
2053 39
2054 39
2055 39
2056 40
2057 39
2058 39
2059 39
2060 39
2061 39
2062 40
2063 40
2064 40
2065 40
2066 39
2067 40
2068 40
2069 40
2070 40
2071 40
2072 40
2073 40
2074 39
2075 39
2076 39
2077 39
2078 40
2079 40
2080 40
2081 40
2082 39
2083 39
2084 39
2085 39
2086 40
2087 40
2088 40
2089 40
2090 40
2091 39
2092 39
2093 39
2094 39
2095 39
2096 39
2097 39
2098 40
2099 39
2100 39
2101 39
2102 39
2103 39
2104 39
2105 39
2106 39
2107 39
2108 39
2109 39
2110 39
2111 39
2112 39
2113 39
2114 39
2115 39
2116 39
2117 39
2118 39
2119 39
2120 39
2121 39
2122 39
2123 39
2124 39
2125 39
2126 39
2127 39
2128 39
2129 39
2130 39
2131 39
2132 39
2133 39
2134 39
2135 39
2136 39
2137 39
2138 39
2139 39
2140 39
2141 39
2142 39
2143 39
2144 39
2145 39
2146 39
2147 39
2148 39
2149 39
