0 57
1 55
2 53
3 52
4 53
5 52
6 52
7 51
8 51
9 51
10 51
11 51
12 49
13 47
14 47
15 47
16 47
17 47
18 47
19 47
20 47
21 47
22 48
23 49
24 46
25 44
26 43
27 43
28 43
29 43
30 44
31 44
32 44
33 44
34 45
35 45
36 46
37 46
38 46
39 46
40 47
41 48
42 48
43 48
44 48
45 48
46 47
47 47
48 47
49 47
50 48
51 49
52 49
53 49
54 49
55 49
56 49
57 49
58 50
59 50
60 49
61 49
62 48
63 48
64 48
65 48
66 48
67 49
68 50
69 51
70 51
71 52
72 51
73 50
74 50
75 50
76 51
77 52
78 51
79 51
80 51
81 51
82 50
83 50
84 50
85 50
86 48
87 46
88 45
89 46
90 47
91 47
92 47
93 47
94 47
95 48
96 49
97 49
98 48
99 48
100 48
101 47
102 47
103 47
104 47
105 47
106 47
107 46
108 46
109 46
110 47
111 46
112 46
113 46
114 47
115 48
116 49
117 50
118 49
119 49
120 49
121 49
122 50
123 50
124 49
125 49
126 49
127 50
128 50
129 50
130 50
131 49
132 49
133 48
134 49
135 49
136 48
137 48
138 48
139 48
140 48
141 48
142 47
143 47
144 47
145 47
146 47
147 47
148 47
149 48
150 49
151 49
152 49
153 48
154 48
155 47
156 47
157 47
158 48
159 48
160 49
161 49
162 47
163 47
164 47
165 47
166 47
167 48
168 49
169 49
170 49
171 48
172 48
173 48
174 48
175 47
176 48
177 49
178 50
179 51
180 51
181 51
182 51
183 50
184 50
185 49
186 49
187 49
188 49
189 49
190 49
191 49
192 49
193 49
194 49
195 48
196 48
197 48
198 48
199 49
200 50
201 50
202 51
203 52
204 53
205 51
206 51
207 50
208 51
209 52
210 53
211 53
212 54
213 54
214 55
215 55
216 54
217 54
218 54
219 53
220 53
221 52
222 52
223 51
224 51
225 51
226 50
227 50
228 50
229 50
230 50
231 50
232 50
233 51
234 51
235 52
236 53
237 52
238 52
239 51
240 51
241 51
242 50
243 49
244 49
245 49
246 50
247 51
248 50
249 49
250 49
251 49
252 49
253 49
254 49
255 49
256 49
257 50
258 50
259 50
260 49
261 49
262 49
263 50
264 51
265 52
266 52
267 53
268 53
269 53
270 52
271 51
272 50
273 50
274 49
275 49
276 49
277 49
278 49
279 49
280 49
281 49
282 49
283 49
284 49
285 49
286 49
287 49
288 50
289 49
290 49
291 49
292 49
293 49
294 50
295 50
296 50
297 49
298 49
299 49
300 49
301 49
302 49
303 49
304 49
305 50
306 50
307 50
308 50
309 50
310 49
311 50
312 49
313 49
314 49
315 49
316 49
317 49
318 49
319 49
320 49
321 49
322 50
323 50
324 49
325 49
326 49
327 49
328 50
329 51
330 52
331 52
332 51
333 51
334 51
335 51
336 51
337 51
338 52
339 53
340 53
341 54
342 54
343 54
344 54
345 53
346 53
347 52
348 52
349 52
350 51
351 51
352 51
353 50
354 50
355 50
356 50
357 48
358 48
359 48
360 48
361 49
362 49
363 49
364 49
365 49
366 49
367 49
368 50
369 51
370 52
371 52
372 53
373 53
374 53
375 54
376 54
377 54
378 55
379 55
380 56
381 56
382 56
383 56
384 56
385 57
386 57
387 56
388 56
389 55
390 55
391 54
392 53
393 52
394 52
395 52
396 51
397 51
398 50
399 50
400 50
401 48
402 48
403 48
404 49
405 50
406 51
407 51
408 50
409 50
410 50
411 50
412 50
413 50
414 50
415 49
416 49
417 49
418 49
419 49
420 49
421 49
422 49
423 49
424 50
425 50
426 50
427 50
428 49
429 49
430 50
431 51
432 52
433 53
434 53
435 54
436 54
437 55
438 55
439 56
440 55
441 56
442 56
443 56
444 56
445 57
446 57
447 57
448 57
449 57
450 58
451 58
452 57
453 57
454 57
455 57
456 58
457 58
458 58
459 58
460 58
461 58
462 58
463 58
464 58
465 58
466 58
467 58
468 58
469 58
470 58
471 58
472 58
473 58
474 58
475 58
476 58
477 57
478 58
479 58
480 58
481 58
482 58
483 58
484 58
485 58
486 58
487 58
488 58
489 57
490 58
491 58
492 58
493 58
494 58
495 58
496 58
497 58
498 58
499 58
500 58
501 58
502 58
503 58
504 58
505 58
506 58
507 58
508 58
509 58
510 58
511 58
512 58
513 58
514 57
515 58
516 58
517 58
518 58
519 58
520 58
521 58
522 58
523 58
524 58
525 58
526 57
527 58
528 58
529 58
530 58
531 58
532 58
533 58
534 58
535 58
536 58
537 58
538 57
539 58
540 58
541 58
542 58
543 58
544 58
545 58
546 58
547 58
548 58
549 58
550 57
551 58
552 58
553 58
554 58
555 58
556 58
557 58
558 58
559 58
560 58
561 58
562 58
563 57
564 57
565 58
566 58
567 58
568 58
569 58
570 58
571 58
572 58
573 58
574 58
575 57
576 58
577 58
578 58
579 58
580 58
581 58
582 58
583 58
584 58
585 57
586 57
587 57
588 57
589 57
590 57
591 57
592 58
593 58
594 58
595 58
596 58
597 58
598 58
599 58
600 58
601 58
602 58
603 58
604 58
605 58
606 58
607 58
608 58
609 58
610 58
611 58
612 58
613 58
614 58
615 58
616 58
617 58
618 58
619 58
620 58
621 58
622 58
623 58
624 58
625 58
626 58
627 58
628 58
629 58
630 58
631 58
632 58
633 58
634 58
635 58
636 57
637 57
638 58
639 56
640 57
641 57
642 57
643 54
644 54
645 54
646 53
647 53
648 52
649 52
650 52
651 52
652 52
653 51
654 51
655 51
656 51
657 51
658 50
659 49
660 49
661 49
662 50
663 49
664 49
665 49
666 49
667 50
668 49
669 49
670 49
671 49
672 50
673 51
674 51
675 52
676 53
677 53
678 54
679 54
680 54
681 55
682 55
683 55
684 56
685 56
686 56
687 57
688 57
689 57
690 57
691 57
692 57
693 57
694 57
695 57
696 58
697 58
698 58
699 58
700 58
701 58
702 58
703 57
704 57
705 57
706 58
707 58
708 58
709 58
710 58
711 58
712 58
713 58
714 58
715 58
716 58
717 58
718 58
719 58
720 58
721 58
722 58
723 58
724 58
725 58
726 58
727 58
728 58
729 58
730 58
731 58
732 58
733 58
734 58
735 58
736 58
737 58
738 58
739 58
740 57
741 58
742 58
743 58
744 58
745 58
746 58
747 58
748 58
749 58
750 58
751 58
752 57
753 58
754 58
755 57
756 57
757 57
758 57
759 58
760 58
761 58
762 58
763 58
764 58
765 57
766 58
767 58
768 58
769 58
770 58
771 58
772 58
773 58
774 58
775 58
776 58
777 58
778 58
779 58
780 58
781 58
782 58
783 58
784 58
785 58
786 58
787 58
788 58
789 58
790 58
791 58
792 58
793 58
794 58
795 58
796 58
797 58
798 58
799 58
800 58
801 58
802 58
803 58
804 58
805 58
806 58
807 58
808 58
809 58
810 58
811 58
812 58
813 58
814 57
815 58
816 58
817 58
818 58
819 58
820 58
821 58
822 58
823 58
824 58
825 58
826 57
827 58
828 58
829 58
830 58
831 58
832 58
833 58
834 58
835 58
836 58
837 58
838 57
839 58
840 58
841 58
842 58
843 58
844 58
845 58
846 58
847 58
848 58
849 58
850 57
851 58
852 58
853 58
854 58
855 58
856 58
857 58
858 58
859 58
860 58
861 58
862 58
863 57
864 58
865 58
866 58
867 58
868 58
869 58
870 58
871 58
872 58
873 58
874 58
875 57
876 58
877 58
878 58
879 58
880 58
881 58
882 58
883 58
884 58
885 58
886 58
887 57
888 57
889 58
890 58
891 58
892 58
893 58
894 58
895 58
896 58
897 58
898 58
899 58
900 58
901 58
902 58
903 58
904 58
905 58
906 58
907 58
908 58
909 58
910 58
911 58
912 58
913 58
914 58
915 58
916 58
917 58
918 58
919 58
920 58
921 58
922 58
923 58
924 57
925 56
926 55
927 54
928 54
929 53
930 51
931 51
932 51
933 51
934 50
935 50
936 50
937 51
938 52
939 51
940 52
941 51
942 51
943 50
944 50
945 51
946 51
947 51
948 50
949 50
950 50
951 51
952 51
953 51
954 51
955 50
956 50
957 50
958 49
959 49
960 49
961 49
962 50
963 51
964 52
965 52
966 52
967 52
968 51
969 51
970 51
971 51
972 52
973 53
974 53
975 54
976 54
977 54
978 54
979 55
980 55
981 56
982 55
983 54
984 54
985 53
986 53
987 52
988 53
989 53
990 53
991 52
992 52
993 52
994 52
995 52
996 53
997 54
998 54
999 54
1000 54
1001 55
1002 55
1003 56
1004 56
1005 56
1006 57
1007 57
1008 57
1009 57
1010 57
1011 57
1012 57
1013 57
1014 57
1015 58
1016 58
1017 58
1018 58
1019 58
1020 58
1021 58
1022 58
1023 58
1024 58
1025 58
1026 58
1027 58
1028 58
1029 58
1030 58
1031 58
1032 58
1033 58
1034 58
1035 58
1036 57
1037 58
1038 58
1039 58
1040 58
1041 58
1042 58
1043 58
1044 58
1045 58
1046 58
1047 58
1048 57
1049 58
1050 58
1051 58
1052 58
1053 58
1054 58
1055 58
1056 58
1057 58
1058 58
1059 58
1060 58
1061 58
1062 58
1063 58
1064 58
1065 58
1066 58
1067 58
1068 58
1069 58
1070 58
1071 58
1072 58
1073 57
1074 58
1075 58
1076 58
1077 58
1078 58
1079 58
1080 58
1081 58
1082 58
1083 58
1084 58
1085 57
1086 58
1087 58
1088 58
1089 58
1090 58
1091 58
1092 58
1093 58
1094 58
1095 57
1096 57
1097 56
1098 57
1099 57
1100 57
1101 57
1102 58
1103 58
1104 58
1105 58
1106 58
1107 58
1108 58
1109 57
1110 58
1111 58
1112 58
1113 58
1114 58
1115 58
1116 58
1117 58
1118 58
1119 59
1120 58
1121 58
1122 58
1123 58
1124 58
1125 58
1126 58
1127 58
1128 58
1129 58
1130 58
1131 58
1132 58
1133 58
1134 58
1135 58
1136 58
1137 58
1138 58
1139 58
1140 58
1141 58
1142 58
1143 58
1144 58
1145 58
1146 57
1147 58
1148 58
1149 58
1150 58
1151 58
1152 58
1153 58
1154 58
1155 58
1156 58
1157 58
1158 57
1159 57
1160 58
1161 58
1162 58
1163 58
1164 58
1165 58
1166 58
1167 58
1168 58
1169 58
1170 58
1171 57
1172 58
1173 58
1174 58
1175 58
1176 58
1177 58
1178 58
1179 58
1180 58
1181 58
1182 58
1183 57
1184 58
1185 58
1186 58
1187 58
1188 58
1189 58
1190 58
1191 58
1192 58
1193 58
1194 58
1195 57
1196 58
1197 58
1198 58
1199 58
1200 58
1201 58
1202 58
1203 58
1204 58
1205 58
1206 58
1207 56
1208 55
1209 55
1210 54
1211 54
1212 53
1213 52
1214 52
1215 51
1216 51
1217 51
1218 50
1219 50
1220 50
1221 50
1222 51
1223 51
1224 50
1225 50
1226 50
1227 49
1228 49
1229 48
1230 49
1231 50
1232 51
1233 51
1234 51
1235 51
1236 51
1237 51
1238 49
1239 49
1240 49
1241 49
1242 49
1243 50
1244 51
1245 52
1246 52
1247 52
1248 51
1249 51
1250 51
1251 51
1252 50
1253 50
1254 50
1255 49
1256 49
1257 50
1258 50
1259 49
1260 49
1261 49
1262 49
1263 49
1264 49
1265 49
1266 49
1267 50
1268 51
1269 51
1270 52
1271 52
1272 53
1273 54
1274 54
1275 55
1276 55
1277 56
1278 56
1279 56
1280 56
1281 56
1282 56
1283 56
1284 57
1285 57
1286 57
1287 57
1288 57
1289 58
1290 58
1291 58
1292 58
1293 58
1294 57
1295 58
1296 58
1297 58
1298 58
1299 58
1300 58
1301 58
1302 58
1303 58
1304 58
1305 58
1306 58
1307 58
1308 58
1309 58
1310 58
1311 58
1312 58
1313 58
1314 58
1315 58
1316 58
1317 58
1318 58
1319 57
1320 58
1321 58
1322 58
1323 58
1324 58
1325 58
1326 58
1327 58
1328 58
1329 58
1330 58
1331 57
1332 57
1333 58
1334 58
1335 58
1336 58
1337 58
1338 58
1339 58
1340 58
1341 58
1342 58
1343 58
1344 58
1345 58
1346 58
1347 58
1348 58
1349 58
1350 58
1351 58
1352 58
1353 58
1354 58
1355 57
1356 57
1357 57
1358 57
1359 57
1360 57
1361 58
1362 58
1363 58
1364 58
1365 58
1366 58
1367 58
1368 58
1369 58
1370 56
1371 55
1372 55
1373 55
1374 55
1375 56
1376 56
1377 56
1378 56
1379 56
1380 56
1381 56
1382 57
1383 57
1384 57
1385 57
1386 57
1387 57
1388 57
1389 57
1390 57
1391 57
1392 57
1393 57
1394 57
1395 58
1396 58
1397 58
1398 58
1399 58
1400 58
1401 58
1402 58
1403 57
1404 58
1405 58
1406 58
1407 58
1408 58
1409 58
1410 58
1411 58
1412 58
1413 58
1414 58
1415 57
1416 58
1417 58
1418 58
1419 58
1420 58
1421 58
1422 58
1423 58
1424 58
1425 58
1426 58
1427 58
1428 57
1429 57
1430 58
1431 58
1432 58
1433 58
1434 57
1435 57
1436 57
1437 57
1438 57
1439 57
1440 57
1441 57
1442 57
1443 58
1444 58
1445 58
1446 58
1447 58
1448 58
1449 58
1450 58
1451 58
1452 58
1453 58
1454 58
1455 58
1456 58
1457 58
1458 58
1459 58
1460 58
1461 58
1462 58
1463 59
1464 58
1465 58
1466 58
1467 58
1468 58
1469 58
1470 58
1471 58
1472 58
1473 58
1474 58
1475 58
1476 58
1477 58
1478 58
1479 58
1480 58
1481 58
1482 58
1483 58
1484 58
1485 58
1486 58
1487 58
1488 58
1489 57
1490 58
1491 58
1492 58
1493 58
1494 58
1495 58
1496 58
1497 58
1498 58
1499 58
1500 58
1501 57
1502 58
1503 58
1504 58
1505 58
1506 58
1507 58
1508 58
1509 58
1510 58
1511 58
1512 58
1513 58
1514 58
1515 58
1516 58
1517 58
1518 58
1519 58
1520 58
1521 58
1522 58
1523 58
1524 58
1525 57
1526 58
1527 58
1528 58
1529 58
1530 58
1531 58
1532 58
1533 58
1534 58
1535 58
1536 58
1537 58
1538 57
1539 58
1540 58
1541 58
1542 58
1543 58
1544 58
1545 58
1546 56
1547 55
1548 55
1549 54
1550 54
1551 54
1552 55
1553 55
1554 56
1555 56
1556 55
1557 56
1558 56
1559 56
1560 56
1561 55
1562 55
1563 54
1564 53
1565 53
1566 54
1567 54
1568 55
1569 55
1570 55
1571 56
1572 55
1573 56
1574 56
1575 56
1576 57
1577 57
1578 57
1579 57
1580 58
1581 58
1582 58
1583 58
1584 57
1585 57
1586 58
1587 58
1588 58
1589 58
1590 58
1591 58
1592 58
1593 58
1594 58
1595 58
1596 58
1597 58
1598 58
1599 58
1600 58
1601 58
1602 58
1603 58
1604 58
1605 58
1606 58
1607 58
1608 57
1609 57
1610 57
1611 56
1612 56
1613 55
1614 54
1615 54
1616 54
1617 54
1618 55
1619 55
1620 55
1621 55
1622 55
1623 56
1624 56
1625 56
1626 57
1627 57
1628 57
1629 57
1630 58
1631 58
1632 57
1633 57
1634 57
1635 58
1636 58
1637 58
1638 58
1639 58
1640 58
1641 58
1642 58
1643 58
1644 58
1645 58
1646 58
1647 58
1648 58
1649 58
1650 58
1651 58
1652 58
1653 58
1654 58
1655 58
1656 58
1657 57
1658 56
1659 57
1660 57
1661 57
1662 56
1663 56
1664 55
1665 53
1666 52
1667 52
1668 51
1669 51
1670 52
1671 51
1672 51
1673 51
1674 50
1675 50
1676 50
1677 49
1678 49
1679 50
1680 51
1681 51
1682 52
1683 53
1684 53
1685 54
1686 54
1687 55
1688 55
1689 55
1690 55
1691 56
1692 56
1693 56
1694 56
1695 57
1696 57
1697 57
1698 57
1699 57
1700 57
1701 57
1702 57
1703 57
1704 57
1705 57
1706 57
1707 58
1708 58
1709 58
1710 58
1711 58
1712 58
1713 58
1714 57
1715 58
1716 58
1717 58
1718 58
1719 58
1720 58
1721 58
1722 58
1723 58
1724 58
1725 58
1726 58
1727 58
1728 58
1729 58
1730 58
1731 58
1732 58
1733 58
1734 58
1735 58
1736 58
1737 58
1738 58
1739 58
1740 58
1741 58
1742 58
1743 58
1744 58
1745 58
1746 58
1747 58
1748 58
1749 58
1750 58
1751 57
1752 58
1753 58
1754 58
1755 58
1756 58
1757 58
1758 58
1759 58
1760 58
1761 58
1762 58
1763 57
1764 58
1765 58
1766 58
1767 58
1768 58
1769 58
1770 58
1771 58
1772 58
1773 58
1774 58
1775 57
1776 57
1777 58
1778 56
1779 56
1780 56
1781 56
1782 55
1783 54
1784 54
1785 54
1786 53
1787 54
1788 54
1789 53
1790 53
1791 52
1792 52
1793 52
1794 52
1795 52
1796 52
1797 51
1798 51
1799 51
1800 52
1801 53
1802 53
1803 54
1804 54
1805 55
1806 55
1807 56
1808 56
1809 56
1810 56
1811 56
1812 56
1813 57
1814 57
1815 57
1816 57
1817 57
1818 58
1819 58
1820 58
1821 57
1822 57
1823 57
1824 58
1825 58
1826 58
1827 58
1828 58
1829 58
1830 58
1831 58
1832 58
1833 57
1834 58
1835 58
1836 58
1837 58
1838 58
1839 58
1840 58
1841 58
1842 58
1843 58
1844 58
1845 58
1846 57
1847 58
1848 58
1849 58
1850 58
1851 58
1852 58
1853 58
1854 58
1855 58
1856 58
1857 58
1858 57
1859 58
1860 58
1861 58
1862 58
1863 58
1864 58
1865 58
1866 58
1867 58
1868 58
1869 58
1870 57
1871 58
1872 58
1873 58
1874 58
1875 58
1876 58
1877 58
1878 58
1879 58
1880 58
1881 58
1882 57
1883 57
1884 56
1885 55
1886 54
1887 54
1888 53
1889 54
1890 55
1891 55
1892 55
1893 55
1894 55
1895 55
1896 55
1897 54
1898 54
1899 53
1900 53
1901 54
1902 54
1903 54
1904 54
1905 55
1906 55
1907 56
1908 56
1909 56
1910 56
1911 56
1912 57
1913 57
1914 57
1915 57
1916 57
1917 57
1918 57
1919 57
1920 57
1921 58
1922 58
1923 58
1924 58
1925 58
1926 58
1927 58
1928 58
1929 58
1930 58
1931 58
1932 58
1933 58
1934 58
1935 58
1936 58
1937 58
1938 58
1939 58
1940 58
1941 57
1942 58
1943 58
1944 58
1945 58
1946 58
1947 58
1948 57
1949 57
1950 57
1951 57
1952 58
1953 57
1954 57
1955 57
1956 58
1957 58
1958 58
1959 58
1960 58
1961 58
1962 56
1963 55
1964 55
1965 54
1966 54
1967 54
1968 54
1969 54
1970 54
1971 53
1972 53
1973 53
1974 52
1975 53
1976 53
1977 53
1978 54
1979 54
1980 55
1981 55
1982 56
1983 56
1984 56
1985 57
1986 57
1987 57
1988 56
1989 57
1990 57
1991 57
1992 57
1993 57
1994 58
1995 58
1996 58
1997 58
1998 58
1999 58
2000 57
2001 58
2002 58
2003 58
2004 58
2005 58
2006 58
2007 58
2008 58
2009 58
2010 58
2011 58
2012 58
2013 58
2014 58
2015 58
2016 58
2017 58
2018 58
2019 58
2020 58
2021 58
2022 58
2023 58
2024 58
2025 58
2026 58
2027 58
2028 58
2029 58
2030 58
2031 58
2032 58
2033 58
2034 58
2035 58
2036 58
2037 58
2038 58
2039 58
2040 58
2041 58
2042 58
2043 58
2044 58
2045 58
2046 58
2047 58
2048 58
2049 57
2050 57
2051 58
2052 58
2053 58
2054 58
2055 56
2056 55
2057 54
2058 54
2059 54
2060 54
2061 54
2062 54
2063 55
2064 55
2065 55
2066 56
2067 56
2068 56
2069 57
2070 57
2071 57
2072 57
2073 57
2074 57
2075 57
2076 57
2077 57
2078 58
2079 58
2080 58
2081 58
2082 58
2083 58
2084 58
2085 57
2086 57
2087 57
2088 58
2089 58
2090 58
2091 58
2092 58
2093 58
2094 58
2095 58
2096 58
2097 58
2098 58
2099 58
2100 58
2101 58
2102 58
2103 58
2104 58
2105 58
2106 59
2107 58
2108 59
2109 58
2110 58
2111 58
2112 58
2113 58
2114 58
2115 58
2116 58
2117 58
2118 58
2119 58
2120 58
2121 57
2122 56
2123 56
2124 55
2125 54
2126 54
2127 54
2128 54
2129 55
2130 55
2131 56
2132 56
2133 55
2134 56
2135 56
2136 56
2137 57
2138 57
2139 57
2140 57
2141 57
2142 58
2143 58
2144 58
2145 53
2146 52
2147 52
2148 52
2149 53
2150 53
2151 54
2152 54
2153 55
2154 55
2155 55
2156 55
2157 54
2158 54
2159 53
2160 53
2161 53
2162 53
2163 54
2164 55
2165 54
2166 55
2167 55
2168 56
2169 56
2170 56
2171 56
2172 57
2173 57
2174 57
2175 57
2176 57
2177 57
2178 57
2179 57
2180 57
2181 58
2182 58
2183 58
2184 58
2185 58
2186 58
2187 58
2188 58
2189 58
2190 57
2191 58
2192 58
2193 58
2194 58
2195 58
2196 58
2197 58
2198 58
2199 58
2200 58
2201 58
2202 57
2203 58
2204 58
2205 58
2206 58
2207 58
2208 58
2209 58
2210 58
2211 58
2212 58
2213 58
2214 58
2215 58
2216 58
2217 58
2218 58
2219 58
2220 58
2221 58
2222 58
2223 58
2224 58
2225 58
2226 58
2227 57
2228 57
2229 58
2230 58
2231 58
2232 58
2233 58
2234 58
2235 58
2236 58
2237 58
2238 58
2239 57
2240 58
2241 58
2242 58
2243 58
2244 58
2245 58
2246 58
2247 58
2248 58
2249 58
2250 58
2251 57
2252 58
2253 58
2254 58
2255 58
2256 58
2257 58
2258 58
2259 58
2260 58
2261 58
2262 58
2263 58
2264 57
2265 58
2266 58
2267 58
2268 58
2269 58
2270 58
2271 58
2272 58
2273 58
2274 58
2275 58
2276 57
2277 57
2278 58
2279 58
2280 58
2281 58
2282 58
2283 58
2284 58
2285 58
2286 58
2287 58
2288 57
2289 58
2290 57
2291 57
2292 57
2293 57
2294 57
2295 57
2296 58
2297 58
2298 58
2299 58
2300 57
2301 58
2302 58
2303 58
2304 58
2305 58
2306 58
2307 58
2308 58
2309 58
2310 58
2311 58
2312 58
2313 58
2314 58
2315 58
2316 58
2317 58
2318 58
2319 58
2320 58
2321 58
2322 58
2323 58
2324 58
2325 58
2326 58
2327 58
2328 58
2329 58
2330 58
2331 58
2332 58
2333 58
2334 58
2335 58
2336 58
2337 57
2338 58
2339 58
2340 58
2341 58
2342 58
2343 58
2344 58
2345 58
2346 58
2347 58
2348 58
2349 58
2350 58
2351 58
2352 58
2353 58
2354 58
2355 58
2356 58
2357 58
2358 58
2359 58
2360 58
2361 58
2362 57
2363 58
2364 58
2365 58
2366 58
2367 58
2368 58
2369 58
2370 58
2371 58
2372 58
2373 58
2374 57
2375 58
2376 58
2377 58
2378 58
2379 58
2380 58
2381 58
2382 58
2383 58
2384 58
2385 58
2386 57
2387 58
2388 58
2389 58
2390 58
2391 58
2392 58
2393 58
2394 58
2395 58
2396 58
2397 58
2398 57
2399 58
2400 58
2401 58
2402 58
2403 58
2404 58
2405 58
2406 58
2407 58
2408 58
2409 58
2410 57
2411 57
2412 58
2413 58
2414 58
2415 58
2416 58
2417 58
2418 58
2419 58
2420 58
2421 58
2422 58
2423 57
2424 58
2425 58
2426 58
2427 58
2428 58
2429 58
2430 58
2431 58
2432 58
2433 55
2434 55
2435 53
2436 53
2437 52
2438 52
2439 50
2440 50
2441 50
2442 50
2443 50
2444 49
2445 49
2446 49
2447 49
2448 50
2449 49
2450 49
2451 49
2452 49
2453 48
2454 48
2455 48
2456 48
2457 49
2458 50
2459 50
2460 50
2461 50
2462 50
2463 50
2464 49
2465 50
2466 51
2467 50
2468 50
2469 50
2470 50
2471 50
2472 51
2473 52
2474 53
2475 53
2476 53
2477 54
2478 54
2479 55
2480 55
2481 56
2482 56
2483 56
2484 56
2485 57
2486 57
2487 57
2488 57
2489 57
2490 57
2491 57
2492 57
2493 58
2494 58
2495 58
2496 58
2497 58
2498 58
2499 58
2500 57
2501 58
2502 58
2503 58
2504 58
2505 58
2506 58
2507 58
2508 58
2509 58
2510 58
2511 58
2512 58
2513 58
2514 58
2515 58
2516 58
2517 58
2518 58
2519 58
2520 58
2521 58
2522 58
2523 58
2524 58
2525 58
2526 58
2527 58
2528 58
2529 58
2530 58
2531 58
2532 58
2533 58
2534 58
2535 58
2536 58
2537 57
2538 58
2539 58
2540 58
2541 58
2542 58
2543 58
2544 58
2545 58
2546 58
2547 58
2548 58
2549 57
2550 58
2551 58
2552 58
2553 58
2554 58
2555 58
2556 58
2557 58
2558 58
2559 58
2560 58
2561 57
2562 58
2563 58
2564 58
2565 58
2566 56
2567 55
2568 54
2569 54
2570 54
2571 54
2572 54
2573 54
2574 55
2575 55
2576 55
2577 56
2578 56
2579 56
2580 57
2581 57
2582 57
2583 57
2584 57
2585 57
2586 57
2587 57
2588 57
2589 58
2590 58
2591 58
2592 58
2593 58
2594 58
2595 58
2596 58
2597 58
2598 58
2599 58
2600 58
2601 58
2602 58
2603 58
2604 58
2605 59
2606 59
2607 59
2608 58
2609 58
2610 58
2611 58
2612 58
2613 58
2614 58
2615 58
2616 58
2617 58
2618 58
2619 58
2620 58
2621 58
2622 58
2623 58
2624 58
2625 58
2626 58
2627 58
2628 58
2629 58
2630 58
2631 58
2632 58
2633 56
2634 56
2635 55
2636 55
2637 54
2638 54
2639 53
2640 54
2641 53
2642 53
2643 52
2644 52
2645 52
2646 52
2647 52
2648 52
2649 52
2650 51
2651 51
2652 51
2653 52
2654 53
2655 53
2656 53
2657 54
2658 54
2659 55
2660 55
2661 56
2662 56
2663 56
2664 56
2665 57
2666 57
2667 56
2668 57
2669 57
2670 57
2671 57
2672 57
2673 58
2674 58
2675 58
2676 58
2677 58
2678 58
2679 58
2680 58
2681 58
2682 58
2683 58
2684 58
2685 58
2686 58
2687 58
2688 58
2689 58
2690 58
2691 58
2692 58
2693 58
2694 58
2695 58
2696 58
2697 58
2698 58
2699 58
2700 58
2701 58
2702 58
2703 58
2704 58
2705 58
2706 58
2707 58
2708 58
2709 58
2710 58
2711 58
2712 58
2713 58
2714 58
2715 58
2716 57
2717 58
2718 58
2719 58
2720 58
2721 58
2722 58
2723 58
2724 58
2725 58
2726 58
2727 58
2728 58
2729 57
2730 58
2731 58
2732 58
2733 58
2734 58
2735 58
2736 58
2737 56
2738 55
2739 55
2740 54
2741 54
2742 53
2743 54
2744 54
2745 53
2746 52
2747 52
2748 51
2749 50
2750 50
2751 50
2752 50
2753 51
2754 51
2755 50
2756 50
2757 50
2758 50
2759 51
2760 52
2761 52
2762 53
2763 53
2764 54
2765 54
2766 55
2767 55
2768 56
2769 56
2770 56
2771 57
2772 57
2773 56
2774 56
2775 56
2776 56
2777 57
2778 57
2779 57
2780 57
2781 57
2782 58
2783 58
2784 58
2785 57
2786 57
2787 57
2788 58
2789 58
2790 58
2791 58
2792 58
2793 58
2794 58
2795 58
2796 58
2797 58
2798 58
2799 58
2800 58
2801 57
2802 56
2803 55
2804 55
2805 54
2806 54
2807 54
2808 53
2809 53
2810 52
2811 52
2812 52
2813 52
2814 53
2815 54
2816 54
2817 55
2818 55
2819 56
2820 55
2821 56
2822 56
2823 56
2824 57
2825 57
2826 57
2827 57
2828 57
2829 58
2830 58
2831 58
2832 57
2833 57
2834 57
2835 58
2836 58
2837 58
2838 58
2839 58
2840 58
2841 58
2842 58
2843 58
2844 58
2845 57
2846 58
2847 58
2848 58
2849 58
2850 58
2851 58
2852 58
2853 58
2854 58
2855 58
2856 58
2857 57
2858 58
2859 58
2860 58
2861 58
2862 58
2863 58
2864 58
2865 58
2866 58
2867 58
2868 58
2869 57
2870 57
2871 58
2872 58
2873 58
2874 58
2875 58
2876 58
2877 58
2878 58
2879 58
2880 58
2881 58
2882 57
2883 58
2884 58
2885 58
2886 58
2887 58
2888 58
2889 58
2890 58
2891 58
2892 58
2893 58
2894 57
2895 58
2896 58
2897 58
2898 58
2899 58
2900 58
2901 58
2902 58
2903 58
2904 58
2905 58
2906 56
2907 55
2908 54
2909 54
2910 54
2911 54
2912 55
2913 55
2914 55
2915 56
2916 56
2917 56
2918 56
2919 56
2920 56
2921 55
2922 54
2923 54
2924 53
2925 53
2926 54
2927 54
2928 54
2929 54
2930 53
2931 53
2932 52
2933 52
2934 52
2935 53
