0 49
1 46
2 46
3 45
4 45
5 44
6 44
7 43
8 43
9 43
10 43
11 43
12 42
13 42
14 42
15 43
16 43
17 43
18 43
19 43
20 43
21 43
22 42
23 42
24 42
25 43
26 42
27 42
28 42
29 42
30 42
31 42
32 42
33 42
34 42
35 41
36 41
37 41
38 41
39 40
40 39
41 40
42 40
43 40
44 40
45 40
46 40
47 39
48 39
49 39
50 37
51 37
52 37
53 35
54 34
55 34
56 35
57 36
58 36
59 36
60 36
61 37
62 36
63 37
64 37
65 37
66 37
67 38
68 38
69 38
70 38
71 39
72 38
73 38
74 38
75 38
76 38
77 39
78 39
79 39
80 39
81 39
82 39
83 39
84 39
85 39
86 38
87 37
88 38
89 38
90 38
91 38
92 39
93 39
94 39
95 39
96 40
97 40
98 40
99 40
100 40
101 40
102 40
103 40
104 40
105 40
106 39
107 39
108 39
109 39
110 40
111 40
112 40
113 39
114 39
115 40
116 40
117 40
118 40
119 40
120 41
121 40
122 41
123 40
124 40
125 40
126 40
127 41
128 41
129 41
130 40
131 41
132 41
133 40
134 41
135 40
136 41
137 40
138 41
139 39
140 39
141 39
142 40
143 40
144 40
145 40
146 41
147 41
148 41
149 41
150 41
151 41
152 41
153 41
154 42
155 42
156 42
157 42
158 41
159 42
160 42
161 41
162 39
163 38
164 39
165 39
166 38
167 38
168 39
169 39
170 40
171 40
172 41
173 41
174 41
175 41
176 40
177 37
178 37
179 38
180 38
181 38
182 37
183 37
184 37
185 38
186 38
187 39
188 39
189 38
190 38
191 37
192 38
193 38
194 39
195 37
196 38
197 39
198 39
199 39
200 40
201 41
202 41
203 41
204 39
205 39
206 39
207 40
208 40
209 40
210 40
211 40
212 39
213 39
214 39
215 39
216 39
217 38
218 38
219 39
220 38
221 39
222 39
223 38
224 38
225 38
226 38
227 38
228 38
229 38
230 37
231 38
232 37
233 37
234 38
235 37
236 37
237 35
238 35
239 36
240 36
241 36
242 37
243 37
244 37
245 38
246 38
247 38
248 38
249 39
250 39
251 40
252 39
253 40
254 39
255 40
256 40
257 40
258 40
259 40
260 40
261 40
262 41
263 41
264 40
265 40
266 41
267 41
268 41
269 41
270 41
271 41
272 41
273 41
274 41
275 42
276 41
277 39
278 40
279 40
280 39
281 37
282 36
283 36
284 36
285 35
286 35
287 36
288 36
289 37
290 38
291 38
292 38
293 39
294 39
295 37
296 38
297 39
298 39
299 40
300 39
301 39
302 39
303 40
304 40
305 40
306 40
307 40
308 40
309 40
310 40
311 41
312 41
313 40
314 41
315 41
316 41
317 41
318 40
319 39
320 39
321 40
322 40
323 40
324 40
325 40
326 40
327 39
328 39
329 40
330 40
331 41
332 41
333 41
334 41
335 41
336 41
337 42
338 41
339 42
340 42
341 42
342 41
343 41
344 41
345 42
346 42
347 42
348 43
349 43
350 43
351 43
352 43
353 42
354 43
355 43
356 43
357 43
358 42
359 42
360 43
361 42
362 42
363 42
364 43
365 42
366 42
367 42
368 42
369 42
370 41
371 42
372 41
373 41
374 41
375 41
376 41
377 41
378 40
379 41
380 41
381 40
382 40
383 41
384 41
385 41
386 41
387 40
388 41
389 40
390 40
391 40
392 40
393 41
394 41
395 41
396 39
397 40
398 40
399 40
400 41
401 40
402 41
403 40
404 40
405 40
406 40
407 39
408 40
409 41
410 40
411 40
412 41
413 41
414 42
415 42
416 42
417 42
418 42
419 43
420 42
421 42
422 41
423 42
424 42
425 41
426 42
427 42
428 42
429 42
430 41
431 41
432 41
433 41
434 41
435 41
436 41
437 41
438 41
439 40
440 40
441 41
442 41
443 41
444 42
445 41
446 41
447 41
448 40
449 40
450 41
451 41
452 41
453 40
454 41
455 40
456 39
457 40
458 40
459 40
460 41
461 41
462 41
463 41
464 41
465 40
466 39
467 39
468 40
469 40
470 40
471 40
472 40
473 41
474 41
475 41
476 41
477 41
478 42
479 42
480 42
481 42
482 42
483 42
484 43
485 42
486 43
487 43
488 43
489 43
490 42
491 42
492 42
493 42
494 42
495 41
496 42
497 42
498 41
499 41
500 41
501 41
502 41
503 41
504 41
505 41
506 41
507 41
508 41
509 41
510 41
511 41
512 41
513 41
514 41
515 42
516 41
517 41
518 41
519 41
520 41
521 41
522 41
523 41
524 41
525 41
526 41
527 41
528 41
529 41
530 41
531 41
532 41
533 41
534 40
535 41
536 41
537 42
538 41
539 41
540 42
541 42
542 42
543 42
544 42
545 41
546 40
547 39
548 40
549 41
550 41
551 41
552 41
553 41
554 41
555 41
556 42
557 42
558 42
559 41
560 41
561 39
562 37
563 37
564 38
565 38
566 38
567 39
568 39
569 39
570 39
571 39
572 39
573 39
574 39
575 39
576 39
577 39
578 39
579 39
580 39
581 40
582 39
583 39
584 40
585 40
586 40
587 40
588 41
589 41
590 40
591 40
592 40
593 40
594 40
595 41
596 41
597 40
598 41
599 41
600 40
601 40
602 41
603 40
604 40
605 40
606 40
607 40
608 40
609 40
610 40
611 40
612 41
613 40
614 41
615 41
616 40
617 40
618 39
619 40
620 40
621 40
622 41
623 41
624 41
625 41
626 41
627 41
628 42
629 41
630 42
631 42
632 42
633 41
634 42
635 42
636 42
637 42
638 43
639 43
640 43
641 43
642 43
643 43
644 42
645 43
646 42
647 42
648 42
649 42
650 42
651 41
652 41
653 41
654 41
655 39
656 40
657 40
658 39
659 39
660 40
661 39
662 40
663 40
664 40
665 40
666 37
667 35
668 34
669 34
670 35
671 35
672 35
673 35
674 36
675 37
676 36
677 37
678 37
679 37
680 36
681 37
682 37
683 37
684 38
685 39
686 39
687 38
688 38
689 39
690 39
691 39
692 40
693 40
694 40
695 40
696 41
697 40
698 41
699 41
700 42
701 42
702 42
703 42
704 42
705 42
706 41
707 42
708 42
709 41
710 40
711 40
712 41
713 41
714 41
715 40
716 40
717 40
718 40
719 40
720 41
721 40
722 41
723 40
724 40
725 41
726 41
727 41
728 41
729 39
730 40
731 40
732 40
733 40
734 39
735 38
736 39
737 39
738 39
739 39
740 39
741 39
742 39
743 39
744 40
745 40
746 41
747 38
748 39
749 40
750 39
751 40
752 40
753 39
754 39
755 39
756 37
757 35
758 34
759 35
760 36
761 36
762 37
763 38
764 39
765 39
766 41
767 41
768 40
769 41
770 41
771 41
772 41
773 42
774 42
775 41
776 41
777 41
778 40
779 41
780 41
781 41
782 41
783 41
784 41
785 41
786 41
787 40
788 41
789 40
790 40
791 40
792 40
793 40
794 40
795 40
796 40
797 41
798 40
799 40
800 40
801 40
802 40
803 40
804 40
805 39
806 40
807 40
808 40
809 42
810 42
811 42
812 43
813 42
814 42
815 41
816 42
817 42
818 42
819 42
820 43
821 43
822 43
823 43
824 44
825 45
826 45
827 45
828 45
829 43
830 45
831 45
832 44
833 44
834 44
835 45
836 41
837 42
838 41
839 42
840 42
841 42
842 42
843 42
844 40
845 40
846 40
847 38
848 40
849 40
850 40
851 41
852 42
853 41
854 41
855 41
856 41
857 43
858 43
859 44
860 44
861 44
862 43
863 43
864 43
865 44
866 44
867 45
868 45
869 46
870 47
871 47
872 47
873 47
874 46
875 46
876 46
877 45
878 45
879 46
880 45
881 44
882 42
883 42
884 43
885 43
886 43
887 43
888 43
889 43
890 42
891 42
892 42
893 43
894 42
895 43
896 42
897 43
898 43
899 42
900 41
901 41
902 42
903 42
904 42
905 42
906 42
907 42
908 42
909 42
910 42
911 42
912 42
913 41
914 42
915 42
916 42
917 43
918 42
919 42
920 42
921 42
922 42
923 42
924 43
925 43
926 42
927 42
928 42
929 42
930 42
931 42
932 42
933 42
934 43
935 43
936 42
937 42
938 41
939 41
940 41
941 42
942 42
943 42
944 42
945 41
946 40
947 40
948 42
949 42
950 42
951 43
952 42
953 40
954 38
955 37
956 37
957 37
958 38
959 37
960 38
961 39
962 40
963 40
964 41
965 42
966 42
967 42
968 42
969 42
970 42
971 42
972 42
973 42
974 42
975 42
976 42
977 42
978 42
979 41
980 42
981 42
982 42
983 43
984 42
985 43
986 43
987 43
988 43
989 43
990 43
991 43
992 43
993 42
994 43
995 42
996 42
997 42
998 42
999 42
1000 43
1001 43
1002 43
1003 43
1004 43
1005 43
1006 43
1007 43
1008 44
1009 43
1010 44
1011 43
1012 42
1013 41
1014 41
1015 42
1016 43
1017 43
1018 43
1019 43
1020 42
1021 43
1022 43
1023 43
1024 43
1025 43
1026 43
1027 43
1028 44
1029 43
1030 43
1031 43
1032 43
1033 43
1034 43
1035 43
1036 43
1037 42
1038 43
1039 43
1040 42
1041 42
1042 42
1043 43
1044 43
1045 42
1046 42
1047 40
1048 40
1049 41
1050 41
1051 41
1052 42
1053 42
1054 42
1055 42
1056 39
1057 37
1058 36
1059 37
1060 38
1061 38
1062 39
1063 39
1064 40
1065 40
1066 40
1067 40
1068 40
1069 40
1070 41
1071 40
1072 41
1073 41
1074 41
1075 41
1076 42
1077 42
1078 43
1079 42
1080 41
1081 41
1082 41
1083 41
1084 42
1085 40
1086 40
1087 41
1088 41
1089 41
1090 42
1091 43
1092 43
1093 43
1094 44
1095 43
1096 43
1097 43
1098 44
1099 45
1100 46
1101 46
1102 46
1103 46
1104 45
1105 43
1106 43
1107 43
1108 44
1109 43
1110 43
1111 45
1112 45
1113 45
1114 46
1115 46
1116 44
1117 44
1118 45
1119 44
1120 44
1121 45
1122 45
1123 45
1124 46
1125 45
1126 45
1127 46
1128 46
1129 46
1130 46
1131 46
1132 46
1133 46
1134 44
1135 44
1136 44
1137 45
1138 45
1139 45
1140 45
1141 45
1142 45
1143 45
1144 44
1145 44
1146 42
1147 43
1148 42
1149 42
1150 43
1151 43
1152 43
1153 43
1154 43
1155 43
1156 44
1157 42
1158 42
1159 43
1160 43
1161 43
1162 44
1163 43
1164 44
1165 44
1166 44
1167 44
1168 44
