0 55
1 51
2 48
3 46
4 45
5 45
6 44
7 43
8 43
9 42
10 42
11 41
12 41
13 41
14 41
15 40
16 40
17 40
18 40
19 40
20 39
21 39
22 39
23 39
24 39
25 39
26 39
27 39
28 39
29 39
30 39
31 39
32 39
33 39
34 39
35 39
36 39
37 39
38 39
39 39
40 39
41 39
42 39
43 38
44 39
45 39
46 39
47 39
48 39
49 39
50 39
51 39
52 39
53 39
54 39
55 39
56 39
57 39
58 39
59 39
60 39
61 39
62 39
63 39
64 39
65 39
66 39
67 39
68 39
69 39
70 39
71 39
72 39
73 39
74 39
75 39
76 39
77 39
78 39
79 39
80 39
81 39
82 39
83 39
84 39
85 39
86 39
87 39
88 39
89 39
90 38
91 38
92 39
93 38
94 38
95 39
96 39
97 39
98 39
99 39
100 39
101 39
102 39
103 39
104 39
105 39
106 39
107 40
108 40
109 40
110 39
111 39
112 40
113 39
114 39
115 39
116 39
117 39
118 39
119 38
120 38
121 38
122 39
123 39
124 39
125 39
126 38
127 38
128 39
129 39
130 39
131 39
132 39
133 39
134 39
135 39
136 39
137 39
138 39
139 39
140 39
141 39
142 39
143 39
144 39
145 39
146 39
147 39
148 39
149 40
150 40
151 39
152 39
153 39
154 39
155 39
156 40
157 40
158 40
159 39
160 39
161 40
162 40
163 40
164 40
165 40
166 40
167 40
168 40
169 40
170 40
171 40
172 40
173 40
174 40
175 40
176 40
177 40
178 40
179 40
180 40
181 40
182 40
183 40
184 40
185 40
186 40
187 40
188 40
189 40
190 40
191 40
192 40
193 40
194 40
195 40
196 40
197 38
198 39
199 39
200 39
201 38
202 38
203 39
204 39
205 39
206 39
207 39
208 39
209 38
210 38
211 38
212 38
213 39
214 39
215 39
216 39
217 39
218 39
219 39
220 39
221 39
222 39
223 39
224 39
225 39
226 39
227 39
228 39
229 39
230 39
231 39
232 39
233 39
234 39
235 39
236 39
237 39
238 39
239 39
240 39
241 39
242 38
243 38
244 38
245 38
246 38
247 39
248 39
249 39
250 39
251 39
252 39
253 39
254 39
255 39
256 39
257 39
258 39
259 40
260 40
261 40
262 40
263 40
264 40
265 40
266 40
267 40
268 40
269 40
270 40
271 40
272 40
273 40
274 40
275 40
276 40
277 40
278 40
279 40
280 40
281 40
282 40
283 40
284 40
285 40
286 40
287 40
288 40
289 40
290 40
291 40
292 40
293 40
294 40
295 40
296 40
297 40
298 40
299 40
300 40
301 40
302 40
303 40
304 40
305 40
306 40
307 40
308 40
309 40
310 40
311 40
312 40
313 40
314 40
315 40
316 40
317 40
318 40
319 40
320 40
321 40
322 40
323 40
324 40
325 40
326 40
327 40
328 40
329 40
330 40
331 40
332 40
333 40
334 40
335 40
336 40
337 40
338 40
339 41
340 41
341 41
342 41
343 41
344 40
345 40
346 40
347 40
348 40
349 41
350 41
351 41
352 41
353 40
354 40
355 40
356 40
357 41
358 41
359 41
360 41
361 40
362 40
363 40
364 41
365 41
366 41
367 41
368 41
369 41
370 40
371 40
372 40
373 40
374 41
375 41
376 41
377 41
378 40
379 41
380 41
381 41
382 41
383 41
384 41
385 41
386 41
387 40
388 40
389 40
390 40
391 41
392 41
393 41
394 41
395 41
396 40
397 40
398 41
399 41
400 41
401 41
402 41
403 41
404 40
405 40
406 41
407 41
408 41
409 41
410 41
411 41
412 40
413 40
414 40
415 39
416 40
417 40
418 39
419 40
420 39
421 39
422 39
423 39
424 39
425 39
426 40
427 40
428 39
429 39
430 39
431 39
432 39
433 39
434 40
435 40
436 40
437 40
438 40
439 40
440 40
441 40
442 40
443 40
444 40
445 40
446 40
447 40
448 40
449 40
450 40
451 40
452 40
453 40
454 40
455 40
456 40
457 40
458 40
459 40
460 41
461 39
462 36
463 35
464 33
465 32
466 31
467 30
468 29
469 28
470 27
471 26
472 26
473 28
474 29
475 30
476 31
477 32
478 32
479 33
480 34
481 35
482 35
483 36
484 36
485 36
486 37
487 37
488 38
489 38
490 38
491 38
492 39
493 39
494 39
495 39
496 39
497 39
498 39
499 39
500 40
501 40
502 39
503 40
504 40
505 40
506 40
507 40
508 40
509 40
510 40
511 40
512 40
513 40
514 40
515 40
516 40
517 40
518 40
519 40
520 40
521 40
522 40
523 40
524 40
525 40
526 40
527 40
528 40
529 40
530 40
531 40
532 40
533 40
534 40
535 40
536 40
537 40
538 40
539 40
540 40
541 40
542 40
543 40
544 40
545 40
546 40
547 40
548 40
549 40
550 40
551 40
552 40
553 41
554 40
555 40
556 40
557 40
558 40
559 40
560 40
561 40
562 39
563 39
564 39
565 40
566 40
567 40
568 40
569 40
570 40
571 40
572 40
573 40
574 40
575 40
576 40
577 40
578 40
579 40
580 40
581 40
582 40
583 40
584 40
585 40
586 40
587 40
588 40
589 40
590 40
591 40
592 40
593 40
594 40
595 40
596 40
597 40
598 40
599 40
600 40
601 40
602 40
603 40
604 40
605 40
606 40
607 40
608 40
609 40
610 40
611 40
612 40
613 40
614 40
615 40
616 40
617 40
618 40
619 40
620 40
621 41
622 40
623 40
624 40
625 40
626 40
627 39
628 40
629 40
630 39
631 40
632 40
633 40
634 40
635 40
636 40
637 40
638 40
639 40
640 40
641 40
642 40
643 40
644 40
645 40
646 40
647 40
648 40
649 40
650 40
651 40
652 40
653 40
654 40
655 40
656 39
657 39
658 39
659 39
660 40
661 40
662 40
663 40
664 40
665 40
666 40
667 40
668 40
669 40
670 40
671 40
672 40
673 40
674 40
675 40
676 40
677 40
678 40
679 40
680 40
681 40
682 40
683 39
684 39
685 39
686 39
687 39
688 40
689 39
690 39
691 40
692 40
693 40
694 40
695 40
696 40
697 40
698 40
699 40
700 40
701 40
702 40
703 40
704 40
705 40
706 40
707 40
708 40
709 40
710 40
711 40
712 40
713 40
714 40
715 40
716 40
717 40
718 40
719 40
720 40
721 41
722 41
723 40
724 40
725 40
726 40
727 40
728 41
729 41
730 41
731 41
732 40
733 40
734 40
735 40
736 40
737 40
738 40
739 40
740 40
741 40
742 40
743 40
744 40
745 40
746 40
747 40
748 41
749 40
750 40
751 40
752 40
753 40
754 40
755 40
756 40
757 40
758 40
759 40
760 40
761 40
762 40
763 40
764 40
765 40
766 40
767 40
768 40
769 40
770 40
771 40
772 40
773 40
774 40
775 40
776 40
777 40
778 40
779 40
780 41
781 40
782 41
783 40
784 40
785 40
786 40
787 40
788 40
789 40
790 40
791 40
792 40
793 40
794 40
795 40
796 40
797 41
798 41
799 40
800 40
801 40
802 40
803 40
804 40
805 39
806 39
807 39
808 39
809 39
810 40
811 40
812 40
813 40
814 40
815 40
816 40
817 40
818 40
819 40
820 40
821 40
822 40
823 40
824 40
825 40
826 40
827 40
828 40
829 40
830 40
831 40
832 40
833 40
834 40
835 40
836 40
837 40
838 40
839 40
840 40
841 40
842 40
843 40
844 40
845 40
846 40
847 40
848 40
849 40
850 40
851 40
852 40
853 40
854 40
855 40
856 40
857 40
858 40
859 41
860 40
861 40
862 40
863 40
864 41
865 41
866 41
867 41
868 40
869 40
870 40
871 40
872 40
873 40
874 41
875 41
876 41
877 40
878 40
879 40
880 40
881 40
882 40
883 40
884 41
885 40
886 40
887 40
888 40
889 40
890 40
891 41
892 41
893 41
894 40
895 40
896 40
897 40
898 40
899 40
900 40
901 40
902 40
903 40
904 40
905 40
906 40
907 40
908 40
909 40
910 40
911 40
912 40
913 40
914 40
915 40
916 40
917 40
918 41
919 41
920 40
921 40
922 40
923 40
924 40
925 40
926 40
927 40
928 40
929 40
930 40
931 40
932 40
933 40
934 40
935 40
936 40
937 40
938 40
939 40
940 40
941 40
942 40
943 40
944 40
945 40
946 40
947 40
948 40
949 40
950 40
951 40
952 41
953 41
954 40
955 40
956 40
957 40
958 40
959 41
960 41
961 41
962 41
963 41
964 41
965 41
966 41
967 41
968 41
969 41
970 41
971 40
972 41
973 41
974 41
975 41
976 41
977 41
978 41
979 41
980 40
981 40
982 40
983 41
984 41
985 41
986 41
987 41
988 40
989 40
990 41
991 41
992 39
993 37
994 35
995 34
996 32
997 31
998 30
999 29
1000 28
1001 28
1002 27
1003 26
1004 25
1005 25
1006 26
1007 27
1008 28
1009 29
1010 29
1011 30
1012 31
1013 32
1014 33
1015 34
1016 35
1017 35
1018 35
1019 35
1020 36
1021 36
1022 37
1023 37
1024 37
1025 37
1026 38
1027 38
1028 38
1029 38
1030 38
1031 38
1032 39
1033 39
1034 39
1035 39
1036 39
1037 39
1038 39
1039 39
1040 40
1041 40
1042 39
1043 39
1044 40
1045 40
1046 40
1047 40
1048 40
1049 40
1050 40
1051 40
1052 40
1053 40
1054 40
1055 40
1056 40
1057 40
1058 40
1059 40
1060 40
1061 40
1062 40
1063 40
1064 40
1065 40
1066 40
1067 40
1068 40
1069 40
1070 40
1071 40
1072 40
1073 40
1074 40
1075 40
1076 40
1077 40
1078 40
1079 40
1080 40
1081 40
1082 40
1083 40
1084 41
1085 40
1086 40
1087 40
1088 40
1089 40
1090 40
1091 40
1092 40
1093 40
1094 40
1095 40
1096 40
1097 40
1098 40
1099 40
1100 40
1101 40
1102 40
1103 40
1104 40
1105 40
1106 40
1107 40
1108 40
1109 40
1110 40
1111 40
1112 40
1113 40
1114 40
1115 40
1116 40
1117 40
1118 40
1119 40
1120 37
1121 37
1122 37
1123 38
1124 38
1125 38
1126 38
1127 38
1128 39
1129 39
1130 39
1131 39
1132 39
1133 39
1134 39
1135 39
1136 39
1137 40
1138 40
1139 40
1140 40
1141 40
1142 40
1143 40
1144 40
1145 40
1146 40
1147 40
1148 40
1149 40
1150 40
1151 39
1152 40
1153 40
1154 40
1155 40
1156 40
1157 40
1158 40
1159 40
1160 40
1161 40
1162 40
1163 40
1164 40
1165 40
1166 40
1167 40
1168 40
1169 40
1170 40
1171 40
1172 40
1173 40
1174 40
1175 40
1176 40
1177 40
1178 40
1179 40
1180 40
1181 40
1182 40
1183 39
1184 39
1185 39
1186 39
1187 40
1188 40
1189 40
1190 40
1191 40
1192 40
1193 40
1194 40
1195 40
1196 40
1197 40
1198 40
1199 40
1200 40
1201 40
1202 40
1203 40
1204 40
1205 40
1206 40
1207 40
1208 40
1209 40
1210 40
1211 40
1212 40
1213 40
1214 40
1215 40
1216 40
1217 40
1218 40
1219 40
1220 39
1221 39
1222 39
1223 40
1224 40
1225 40
1226 40
1227 40
1228 40
1229 40
1230 40
1231 40
1232 40
1233 40
1234 40
1235 40
1236 40
1237 40
1238 40
1239 40
1240 40
1241 40
1242 40
1243 40
1244 40
1245 40
1246 40
1247 40
1248 40
1249 40
1250 40
1251 41
1252 41
1253 40
1254 40
1255 40
1256 40
1257 40
1258 40
1259 40
1260 40
1261 40
1262 40
1263 40
1264 40
1265 40
1266 40
1267 40
1268 40
1269 40
1270 40
1271 40
1272 40
1273 40
1274 40
1275 40
1276 40
1277 40
1278 40
1279 40
1280 40
1281 40
1282 40
1283 40
1284 40
1285 40
1286 40
1287 40
1288 40
1289 40
1290 40
1291 40
1292 40
1293 40
1294 40
1295 40
1296 40
1297 40
1298 40
1299 40
1300 40
1301 40
1302 40
1303 41
1304 40
1305 40
1306 40
1307 40
1308 40
1309 40
1310 40
1311 40
1312 40
1313 40
1314 40
1315 40
1316 41
1317 41
1318 41
1319 41
1320 41
1321 39
1322 39
1323 38
1324 38
1325 39
1326 39
1327 39
1328 39
1329 39
1330 39
1331 39
1332 39
1333 39
1334 39
1335 39
1336 39
1337 38
1338 39
1339 39
1340 39
1341 39
1342 39
1343 39
1344 39
1345 39
1346 39
1347 40
1348 40
1349 40
1350 40
1351 40
1352 40
1353 40
1354 40
1355 40
1356 40
1357 40
1358 40
1359 40
1360 40
1361 40
1362 40
1363 40
1364 40
1365 40
1366 40
1367 40
1368 40
1369 40
1370 40
1371 40
1372 40
1373 40
1374 40
1375 40
1376 40
1377 40
1378 40
1379 40
1380 40
1381 40
1382 40
1383 40
1384 40
1385 40
1386 40
1387 40
1388 40
1389 40
1390 40
1391 40
1392 40
1393 40
1394 40
1395 40
1396 40
1397 40
1398 40
1399 40
1400 40
1401 40
1402 40
1403 40
1404 40
1405 40
1406 40
1407 40
1408 40
1409 40
1410 40
1411 40
1412 40
1413 40
1414 40
1415 40
1416 40
1417 40
1418 40
1419 41
1420 41
1421 41
1422 40
1423 40
1424 40
1425 40
1426 41
1427 41
1428 41
1429 41
1430 41
1431 40
1432 40
1433 40
1434 40
1435 40
1436 40
1437 40
1438 40
1439 40
1440 40
1441 40
1442 40
1443 40
1444 40
1445 40
1446 41
1447 41
1448 40
1449 40
1450 40
1451 40
1452 40
1453 40
1454 40
1455 40
1456 40
1457 40
1458 40
1459 40
1460 40
1461 40
1462 40
1463 40
1464 41
1465 40
1466 40
1467 40
1468 40
1469 40
1470 40
1471 40
1472 41
1473 41
1474 41
1475 41
1476 40
1477 41
1478 41
1479 41
1480 41
1481 41
1482 40
1483 40
1484 40
1485 40
1486 40
1487 40
1488 41
1489 41
1490 41
1491 40
1492 40
1493 40
1494 40
1495 40
1496 40
1497 40
1498 40
1499 40
1500 40
1501 40
1502 40
1503 40
1504 40
1505 40
1506 41
1507 41
1508 40
1509 40
1510 40
1511 40
1512 40
1513 40
1514 40
1515 40
1516 40
1517 40
1518 40
1519 40
1520 40
1521 40
1522 40
1523 40
1524 40
1525 40
1526 39
1527 39
1528 39
1529 39
1530 40
1531 40
1532 40
1533 39
1534 39
1535 39
1536 40
1537 39
1538 39
1539 40
1540 39
1541 39
1542 39
1543 39
1544 39
1545 39
1546 37
1547 35
1548 34
1549 32
1550 31
1551 30
1552 29
1553 28
1554 27
1555 27
1556 26
1557 26
1558 25
1559 25
1560 25
1561 26
1562 27
1563 29
1564 30
1565 31
1566 32
1567 33
1568 34
1569 34
1570 35
1571 35
1572 36
1573 36
1574 37
1575 37
1576 37
1577 38
1578 38
1579 38
1580 38
1581 39
1582 39
1583 39
1584 39
1585 39
1586 39
1587 39
1588 39
1589 40
1590 40
1591 40
1592 40
1593 40
1594 40
1595 40
1596 40
1597 40
1598 40
1599 40
1600 40
1601 40
1602 40
1603 40
1604 40
1605 40
1606 40
1607 40
1608 40
1609 40
1610 40
1611 40
1612 40
1613 40
1614 40
1615 40
1616 40
1617 40
1618 40
1619 40
1620 40
1621 40
1622 40
1623 40
1624 40
1625 40
1626 40
1627 40
1628 40
1629 40
1630 40
1631 40
1632 40
1633 40
1634 40
1635 40
1636 40
1637 40
1638 40
1639 40
1640 40
1641 40
1642 40
1643 40
1644 40
1645 40
1646 40
1647 40
1648 40
1649 40
1650 40
1651 40
1652 40
1653 40
1654 40
1655 40
1656 40
1657 40
1658 40
1659 40
1660 40
1661 40
1662 40
1663 40
1664 40
1665 40
1666 40
1667 40
1668 40
1669 40
1670 40
1671 40
1672 40
1673 40
1674 40
1675 40
1676 40
1677 40
1678 40
1679 40
1680 40
1681 40
1682 40
1683 40
1684 40
1685 40
1686 40
1687 40
1688 40
1689 40
1690 40
1691 40
1692 40
1693 40
1694 40
1695 41
1696 41
1697 40
1698 40
1699 40
1700 40
1701 40
1702 40
1703 40
1704 40
1705 41
1706 40
1707 40
1708 41
1709 41
1710 41
1711 41
1712 41
1713 41
1714 40
1715 40
1716 40
1717 39
1718 39
1719 40
1720 40
1721 40
1722 39
1723 39
1724 39
1725 39
1726 39
1727 39
1728 39
1729 39
1730 39
1731 39
1732 39
1733 39
1734 39
1735 39
1736 39
1737 39
1738 39
1739 38
1740 38
1741 38
1742 38
1743 38
1744 38
1745 38
1746 38
1747 38
1748 39
1749 39
1750 39
1751 39
1752 39
1753 40
1754 40
1755 39
1756 40
1757 40
1758 40
1759 40
1760 40
1761 40
1762 40
1763 40
1764 40
1765 40
1766 40
1767 40
1768 40
1769 40
1770 40
1771 40
1772 40
1773 40
1774 40
1775 40
1776 40
1777 40
1778 40
1779 40
1780 40
1781 40
1782 40
1783 41
1784 41
1785 41
1786 41
1787 41
1788 41
1789 40
1790 40
1791 40
1792 40
1793 41
1794 41
1795 41
1796 41
1797 41
1798 40
1799 40
1800 40
1801 40
1802 40
1803 40
1804 40
1805 40
1806 40
1807 40
1808 40
1809 40
1810 40
1811 40
1812 40
1813 40
1814 41
1815 40
1816 40
1817 40
1818 40
1819 40
1820 40
1821 40
1822 41
1823 40
1824 40
1825 40
1826 40
1827 40
1828 40
1829 40
1830 40
1831 40
1832 40
1833 40
1834 40
1835 40
1836 40
1837 40
1838 40
1839 40
1840 40
1841 40
1842 40
1843 40
1844 41
1845 41
1846 41
1847 41
1848 41
1849 40
1850 40
1851 40
1852 40
1853 40
1854 40
1855 40
1856 40
1857 40
1858 40
1859 40
1860 40
1861 40
1862 40
1863 40
1864 40
1865 40
1866 39
1867 40
1868 40
1869 40
1870 40
1871 40
1872 40
1873 40
1874 40
1875 40
1876 40
1877 40
1878 40
1879 40
1880 40
1881 40
1882 40
1883 40
1884 40
1885 40
1886 40
1887 40
1888 40
1889 40
1890 40
1891 40
1892 40
1893 40
1894 40
1895 40
1896 40
1897 40
1898 40
1899 40
1900 40
1901 40
1902 40
1903 40
1904 40
1905 40
