0 55
1 52
2 51
3 51
4 49
5 49
6 48
7 48
8 47
9 47
10 46
11 44
12 44
13 44
14 44
15 44
16 43
17 43
18 43
19 41
20 40
21 40
22 40
23 41
24 40
25 40
26 41
27 41
28 41
29 41
30 42
31 41
32 41
33 42
34 42
35 41
36 42
37 42
38 42
39 41
40 40
41 40
42 40
43 40
44 41
45 41
46 41
47 42
48 42
49 42
50 41
51 41
52 42
53 41
54 41
55 42
56 42
57 43
58 43
59 42
60 43
61 42
62 43
63 41
64 42
65 42
66 42
67 42
68 43
69 43
70 43
71 43
72 43
73 42
74 41
75 38
76 37
77 38
78 39
79 38
80 39
81 40
82 40
83 41
84 41
85 41
86 42
87 42
88 42
89 40
90 40
91 40
92 41
93 42
94 42
95 42
96 42
97 43
98 44
99 44
100 44
101 44
102 44
103 44
104 44
105 45
106 43
107 41
108 41
109 41
110 42
111 41
112 42
113 42
114 43
115 42
116 43
117 42
118 42
119 43
120 43
121 43
122 43
123 43
124 43
125 43
126 43
127 43
128 43
129 43
130 42
131 42
132 43
133 43
134 43
135 43
136 43
137 42
138 42
139 42
140 43
141 43
142 43
143 43
144 43
145 43
146 43
147 43
148 43
149 42
150 43
151 43
152 43
153 43
154 41
155 39
156 40
157 40
158 41
159 41
160 38
161 36
162 37
163 38
164 39
165 40
166 39
167 38
168 37
169 38
170 38
171 39
172 39
173 39
174 40
175 40
176 40
177 41
178 41
179 41
180 40
181 41
182 41
183 41
184 41
185 41
186 41
187 41
188 42
189 42
190 41
191 42
192 42
193 43
194 43
195 44
196 44
197 44
198 44
199 44
200 43
201 43
202 44
203 43
204 43
205 42
206 42
207 43
208 43
209 42
210 43
211 43
212 43
213 43
214 43
215 43
216 43
217 43
218 43
219 44
220 44
221 44
222 42
223 40
224 40
225 41
226 41
227 42
228 41
229 41
230 42
231 42
232 42
233 42
234 43
235 42
236 43
237 44
238 44
239 44
240 44
241 44
242 44
243 44
244 44
245 44
246 44
247 44
248 44
249 44
250 44
251 43
252 44
253 45
254 45
255 45
256 46
257 46
258 46
259 47
260 46
261 46
262 46
263 46
264 46
265 46
266 45
267 44
268 45
269 45
270 45
271 45
272 45
273 44
274 44
275 44
276 44
277 44
278 44
279 44
280 44
281 44
282 44
283 43
284 43
285 43
286 43
287 43
288 43
289 44
290 43
291 43
292 44
293 44
294 44
295 44
296 44
297 44
298 44
299 44
300 44
301 44
302 45
303 44
304 44
305 45
306 46
307 47
308 47
309 46
310 46
311 46
312 46
313 45
314 45
315 44
316 45
317 45
318 44
319 44
320 44
321 42
322 42
323 42
324 41
325 42
326 42
327 42
328 41
329 41
330 41
331 39
332 38
333 36
334 37
335 37
336 38
337 38
338 39
339 40
340 41
341 41
342 42
343 43
344 44
345 44
346 43
347 43
348 43
349 44
350 43
351 43
352 44
353 44
354 44
355 44
356 44
357 44
358 43
359 44
360 44
361 44
362 44
363 44
364 44
365 44
366 44
367 44
368 44
369 44
370 44
371 44
372 42
373 42
374 42
375 42
376 42
377 42
378 43
379 43
380 43
381 43
382 43
383 43
384 43
385 43
386 43
387 43
388 42
389 43
390 43
391 44
392 44
393 44
394 44
395 45
396 43
397 43
398 44
399 44
400 44
401 44
402 44
403 44
404 45
405 46
406 46
407 45
408 45
409 45
410 45
411 45
412 44
413 46
414 43
415 41
416 40
417 41
418 40
419 41
420 41
421 40
422 38
423 39
424 36
425 35
426 33
427 35
428 35
429 36
430 35
431 36
432 37
433 35
434 36
435 38
436 39
437 39
438 40
439 40
440 40
441 40
442 41
443 41
444 41
445 41
446 41
447 40
448 41
449 41
450 42
451 42
452 42
453 42
454 42
455 43
456 42
457 42
458 43
459 42
460 43
461 43
462 44
463 43
464 44
465 42
466 40
467 40
468 38
469 38
470 38
471 39
472 39
473 38
474 39
475 39
476 39
477 40
478 40
479 41
480 41
481 41
482 41
483 41
484 42
485 42
486 42
487 42
488 42
489 42
490 43
491 43
492 43
493 44
494 44
495 44
496 44
497 44
498 44
499 44
500 44
501 44
502 44
503 43
504 44
505 44
506 44
507 43
508 42
509 43
510 42
511 43
512 43
513 43
514 43
515 43
516 43
517 43
518 43
519 44
520 44
521 43
522 43
523 44
524 44
525 44
526 44
527 45
528 44
529 44
530 42
531 43
532 42
533 43
534 43
535 43
536 43
537 44
538 44
539 45
540 44
541 43
542 43
543 40
544 38
545 39
546 40
547 41
548 41
549 42
550 42
551 42
552 42
553 43
554 43
555 44
556 44
557 45
558 45
559 45
560 45
561 45
562 45
563 44
564 44
565 44
566 44
567 43
568 43
569 44
570 43
571 44
572 44
573 44
574 44
575 44
576 44
577 44
578 43
579 43
580 43
581 43
582 43
583 43
584 43
585 43
586 43
587 44
588 43
589 43
590 44
591 43
592 43
593 43
594 43
595 44
596 44
597 44
598 43
599 43
600 43
601 44
602 43
603 43
604 44
605 45
606 46
607 47
608 47
609 46
610 46
611 46
612 46
613 46
614 45
615 46
616 46
617 46
618 46
619 46
620 46
621 44
622 45
623 45
624 45
625 45
626 45
627 45
628 46
629 47
630 46
631 45
632 45
633 45
634 44
635 44
636 44
637 43
638 44
639 44
640 44
641 42
642 40
643 41
644 40
645 41
646 40
647 39
648 39
649 38
650 37
651 36
652 37
653 37
654 38
655 38
656 39
657 40
658 40
659 40
660 41
661 41
662 42
663 43
664 44
665 45
666 45
667 44
668 44
669 44
670 45
671 44
672 44
673 45
674 45
675 45
676 45
677 45
678 45
679 45
680 45
681 45
682 43
683 42
684 41
685 41
686 41
687 41
688 42
689 43
690 44
691 44
692 44
693 45
694 44
695 44
696 44
697 44
698 44
699 45
700 44
701 44
702 44
703 45
704 44
705 44
706 43
707 43
708 44
709 44
710 44
711 42
712 41
713 41
714 41
715 40
716 41
717 40
718 39
719 37
720 36
721 35
722 35
723 36
724 38
725 39
726 40
727 41
728 41
729 42
730 43
731 44
732 44
733 44
734 44
735 44
736 45
737 45
738 44
739 44
740 44
741 44
742 45
743 44
744 44
745 44
746 44
747 44
748 45
749 44
750 44
751 44
752 44
753 44
754 44
755 44
756 44
757 44
758 44
759 43
760 43
761 43
762 41
763 41
764 41
765 42
766 42
767 42
768 41
769 41
770 41
771 41
772 42
773 42
774 42
775 42
776 43
777 44
778 44
779 45
780 45
781 45
782 45
783 45
784 45
785 46
786 45
787 45
788 43
789 44
790 44
791 44
792 41
793 39
794 37
795 35
796 33
797 33
798 34
799 35
800 36
801 37
802 37
803 37
804 38
805 39
806 40
807 40
808 41
809 41
810 41
811 41
812 41
813 42
814 42
815 42
816 42
817 42
818 42
819 43
820 43
821 43
822 43
823 42
824 43
825 43
826 43
827 44
828 44
829 44
830 44
831 44
832 43
833 43
834 43
835 44
836 44
837 44
838 44
839 44
840 44
841 44
842 44
843 44
844 43
845 43
846 43
847 43
848 43
849 43
850 42
851 42
852 43
853 43
854 43
855 43
856 42
857 43
858 43
859 43
860 43
861 41
862 41
863 41
864 41
865 41
866 41
867 40
868 39
869 38
870 36
871 36
872 37
873 39
874 40
875 42
876 42
877 42
878 42
879 43
880 43
881 44
882 43
883 44
884 44
885 44
886 44
887 44
888 44
889 44
890 44
891 44
892 44
893 44
894 44
895 45
896 44
897 44
898 44
899 45
900 44
901 44
902 45
903 45
904 46
905 46
906 46
907 46
908 46
909 46
910 46
911 46
912 46
913 46
914 46
915 46
916 46
917 47
918 47
919 46
920 46
921 46
922 46
923 46
924 46
925 46
926 46
927 46
928 46
929 47
930 47
931 47
932 47
933 47
934 46
935 46
936 46
937 46
938 46
939 46
940 46
941 46
942 46
943 46
944 46
945 47
946 47
947 47
948 46
949 45
950 45
951 45
952 45
953 44
954 44
955 45
956 45
957 45
958 45
959 45
960 45
961 45
962 45
963 45
964 45
965 45
966 46
967 46
968 45
969 45
970 45
971 45
972 46
973 46
974 46
975 45
976 45
977 45
978 45
979 44
980 44
981 44
982 45
983 44
984 44
985 45
986 44
987 44
988 44
989 45
990 45
991 45
992 45
993 45
994 44
995 44
996 43
997 42
998 43
999 40
1000 40
1001 40
1002 40
1003 41
1004 41
1005 40
1006 40
1007 38
1008 37
1009 38
1010 38
1011 38
1012 39
1013 39
1014 40
1015 40
1016 41
1017 42
1018 42
1019 42
1020 42
1021 42
1022 42
1023 42
1024 42
1025 43
1026 43
1027 43
1028 43
1029 42
1030 42
1031 43
1032 43
1033 43
1034 44
1035 44
1036 44
1037 45
1038 45
1039 45
1040 45
1041 45
1042 45
1043 45
1044 45
1045 45
1046 44
1047 42
1048 43
1049 43
1050 43
1051 42
1052 42
1053 42
1054 39
1055 37
1056 37
1057 36
1058 36
1059 34
1060 35
1061 36
1062 36
1063 35
1064 34
1065 33
1066 32
1067 31
1068 33
1069 34
1070 36
1071 38
1072 39
1073 39
1074 38
1075 39
1076 39
1077 40
1078 40
1079 41
1080 41
1081 41
1082 42
1083 41
1084 42
1085 42
1086 42
1087 42
1088 43
1089 43
1090 43
1091 44
1092 43
1093 43
1094 43
1095 43
1096 43
1097 43
1098 43
1099 45
1100 45
1101 45
1102 43
1103 44
1104 44
1105 44
1106 44
1107 44
1108 45
1109 44
1110 44
1111 44
1112 44
1113 44
1114 44
1115 44
1116 44
1117 45
1118 43
1119 43
1120 44
1121 44
1122 44
1123 44
1124 45
1125 45
1126 45
1127 45
1128 45
1129 45
1130 45
1131 44
1132 44
1133 44
1134 44
1135 44
1136 44
1137 45
1138 44
1139 44
1140 44
1141 45
1142 44
1143 43
1144 43
1145 42
1146 39
1147 38
1148 39
1149 38
1150 38
1151 37
1152 37
1153 37
1154 38
1155 38
1156 39
1157 39
1158 39
1159 40
1160 41
1161 42
1162 41
1163 41
1164 42
1165 41
1166 41
1167 42
1168 43
1169 43
1170 44
1171 43
1172 43
1173 43
1174 43
1175 44
1176 44
1177 44
1178 44
1179 44
1180 44
1181 44
1182 44
1183 45
1184 45
1185 45
1186 45
1187 45
1188 45
1189 45
1190 45
1191 45
1192 44
1193 44
1194 44
1195 44
1196 42
1197 41
1198 41
1199 41
1200 42
1201 41
1202 41
1203 41
1204 39
1205 37
1206 37
1207 38
1208 38
1209 39
1210 40
1211 40
1212 40
1213 41
1214 41
1215 41
1216 42
1217 42
1218 42
1219 42
1220 43
1221 43
1222 43
1223 43
1224 43
1225 43
1226 43
1227 43
1228 43
1229 44
1230 43
1231 44
1232 44
1233 43
1234 43
1235 43
1236 43
1237 44
1238 44
1239 44
1240 44
1241 45
1242 44
1243 45
1244 45
1245 46
1246 46
1247 46
1248 46
1249 46
1250 46
1251 46
1252 46
1253 46
1254 47
1255 47
1256 47
1257 47
1258 47
1259 47
1260 46
1261 47
1262 46
1263 47
1264 44
1265 44
1266 43
1267 43
1268 43
1269 44
1270 41
1271 40
1272 40
1273 41
1274 41
1275 42
1276 40
1277 38
1278 37
1279 37
1280 37
1281 38
1282 38
1283 39
1284 39
1285 39
1286 40
1287 41
1288 43
1289 43
1290 43
1291 43
1292 43
1293 43
1294 44
1295 44
1296 42
1297 42
1298 43
1299 43
1300 43
1301 43
1302 43
1303 43
1304 43
1305 43
1306 44
1307 44
1308 42
1309 43
1310 43
1311 43
1312 43
1313 44
1314 44
1315 45
1316 45
1317 45
1318 45
1319 45
1320 44
1321 44
1322 44
1323 44
1324 45
1325 44
1326 43
1327 43
1328 43
1329 43
1330 42
1331 43
1332 43
1333 43
1334 43
1335 43
1336 43
1337 44
1338 43
1339 43
1340 43
1341 43
1342 43
1343 43
1344 44
1345 44
1346 44
1347 44
1348 44
1349 44
1350 44
1351 44
1352 44
1353 44
1354 44
1355 42
1356 41
1357 41
1358 41
1359 41
1360 42
1361 41
1362 41
1363 38
1364 39
1365 39
1366 40
1367 41
1368 41
1369 42
1370 43
1371 43
1372 43
1373 43
1374 43
1375 44
1376 44
1377 44
1378 44
1379 44
1380 44
1381 44
1382 44
1383 44
1384 44
1385 44
1386 44
1387 44
1388 45
1389 45
1390 44
1391 44
1392 45
1393 44
1394 44
1395 44
1396 44
1397 44
1398 44
1399 44
1400 43
1401 43
1402 43
1403 44
1404 45
1405 46
1406 46
1407 46
1408 46
1409 45
1410 45
1411 44
1412 44
1413 44
1414 45
1415 45
1416 45
1417 45
1418 45
1419 45
1420 44
1421 44
1422 44
1423 45
1424 45
1425 45
1426 45
1427 44
1428 45
1429 45
1430 45
1431 44
1432 44
1433 44
1434 45
1435 45
1436 46
1437 45
1438 46
1439 46
1440 46
1441 46
1442 46
1443 46
1444 46
1445 46
1446 46
1447 46
1448 46
1449 46
1450 46
1451 46
1452 46
1453 46
1454 46
1455 46
1456 44
1457 44
1458 44
1459 45
1460 44
1461 44
1462 44
1463 43
1464 42
1465 43
1466 42
1467 39
1468 39
1469 40
1470 38
1471 37
1472 36
1473 37
1474 38
1475 39
1476 40
1477 40
1478 40
1479 40
1480 41
1481 41
1482 41
1483 42
1484 42
1485 41
1486 42
1487 42
1488 42
1489 42
1490 43
1491 43
1492 43
1493 43
1494 43
1495 43
1496 43
1497 43
1498 43
1499 44
1500 44
1501 44
1502 44
1503 45
1504 45
1505 45
1506 45
1507 45
1508 45
1509 44
1510 45
1511 45
1512 44
1513 42
1514 43
1515 42
1516 42
1517 43
1518 43
1519 43
1520 42
1521 40
1522 38
1523 38
1524 38
1525 39
1526 40
1527 40
1528 40
1529 41
1530 41
1531 41
1532 42
1533 42
1534 42
1535 42
1536 42
1537 42
1538 42
1539 42
1540 42
1541 42
1542 43
1543 42
1544 43
1545 41
1546 42
1547 43
1548 44
1549 44
1550 44
1551 45
1552 45
1553 45
1554 45
1555 44
1556 44
1557 45
1558 44
1559 44
1560 44
1561 43
1562 43
1563 44
1564 44
1565 44
1566 44
1567 45
1568 43
1569 43
1570 43
1571 44
1572 45
1573 46
1574 46
1575 46
1576 46
1577 45
1578 45
1579 46
1580 44
1581 44
1582 44
1583 44
1584 44
1585 45
1586 45
1587 45
1588 45
1589 45
1590 45
1591 44
1592 43
1593 43
1594 42
1595 40
1596 39
1597 38
1598 38
1599 38
1600 38
1601 37
1602 38
1603 38
1604 39
1605 39
1606 40
1607 40
1608 40
1609 40
1610 41
1611 41
1612 41
1613 41
1614 41
1615 42
1616 40
1617 40
1618 41
1619 41
1620 40
1621 41
1622 41
1623 42
1624 42
1625 43
1626 42
1627 43
1628 43
1629 43
1630 43
1631 43
1632 44
1633 45
1634 45
1635 45
1636 45
1637 46
1638 46
1639 46
1640 44
1641 45
1642 45
1643 45
1644 45
1645 45
1646 45
1647 45
1648 45
1649 45
1650 45
1651 45
1652 44
1653 44
1654 44
1655 44
1656 43
1657 43
1658 41
1659 42
1660 42
1661 42
1662 42
1663 42
1664 42
1665 41
1666 39
1667 37
1668 37
1669 38
1670 39
1671 40
1672 41
1673 42
1674 42
1675 43
1676 43
1677 43
1678 44
1679 44
1680 45
1681 43
1682 42
1683 42
1684 42
1685 43
1686 44
1687 44
1688 45
1689 45
1690 45
1691 45
1692 44
1693 44
1694 45
1695 45
1696 45
1697 44
1698 45
1699 45
1700 44
1701 44
1702 45
1703 44
1704 44
1705 44
1706 44
1707 44
1708 45
1709 44
1710 45
1711 43
1712 44
1713 44
1714 45
1715 45
1716 46
1717 46
1718 45
1719 45
1720 45
1721 45
1722 45
1723 45
1724 45
1725 45
1726 45
1727 45
1728 44
1729 44
1730 44
1731 45
1732 45
1733 45
1734 45
1735 45
1736 45
1737 44
1738 44
1739 44
1740 44
1741 44
1742 44
1743 44
1744 44
1745 45
1746 45
1747 45
1748 45
1749 44
1750 44
1751 45
1752 44
1753 44
1754 40
1755 39
1756 38
1757 37
1758 37
1759 36
1760 36
1761 35
1762 35
1763 36
1764 36
1765 37
1766 37
1767 38
1768 38
1769 39
1770 39
1771 40
1772 40
1773 41
1774 40
1775 40
1776 40
1777 41
1778 41
1779 42
1780 41
1781 42
1782 42
1783 42
1784 43
1785 43
1786 43
1787 43
1788 44
1789 44
1790 44
1791 44
1792 44
1793 44
1794 44
1795 44
1796 44
1797 44
1798 43
1799 43
1800 41
1801 41
1802 42
1803 41
1804 42
1805 39
1806 37
1807 37
1808 37
1809 38
1810 39
1811 39
1812 40
1813 41
1814 42
1815 43
1816 43
1817 43
1818 43
1819 44
1820 43
1821 44
1822 44
1823 44
1824 44
1825 44
1826 42
1827 42
1828 41
1829 41
1830 41
1831 42
1832 42
1833 43
1834 43
1835 43
1836 42
1837 42
1838 43
1839 43
1840 44
1841 44
1842 44
1843 45
1844 45
1845 45
1846 45
1847 45
1848 45
1849 45
1850 45
1851 45
1852 45
1853 45
1854 46
1855 46
1856 45
1857 45
1858 45
1859 46
1860 46
1861 46
1862 46
1863 46
1864 46
1865 46
1866 46
1867 45
1868 45
1869 46
1870 46
1871 47
1872 45
1873 44
1874 44
1875 43
1876 42
1877 39
1878 38
1879 39
1880 39
1881 40
1882 41
1883 41
1884 42
1885 42
1886 44
1887 44
1888 42
1889 41
1890 39
1891 39
1892 39
1893 40
1894 40
1895 41
1896 41
1897 42
1898 41
1899 41
1900 42
1901 42
1902 42
1903 42
1904 42
1905 42
1906 42
1907 43
1908 42
1909 43
1910 43
1911 43
1912 43
1913 43
1914 43
1915 42
1916 43
1917 42
1918 42
1919 43
1920 43
1921 43
1922 43
1923 43
1924 43
1925 42
1926 42
1927 43
1928 43
1929 43
1930 44
1931 43
1932 43
1933 43
1934 43
1935 43
1936 44
1937 44
1938 45
1939 45
1940 45
1941 45
1942 46
1943 46
1944 46
1945 45
1946 45
1947 45
1948 45
1949 44
1950 45
1951 45
1952 45
1953 45
1954 44
1955 44
1956 44
1957 44
1958 44
1959 44
1960 43
1961 41
1962 41
1963 42
1964 42
1965 42
1966 42
1967 42
1968 41
1969 41
1970 39
1971 37
1972 38
1973 39
1974 39
1975 40
1976 41
1977 41
1978 42
1979 43
1980 43
1981 42
1982 40
1983 38
1984 37
1985 36
1986 37
1987 38
1988 39
1989 40
1990 41
1991 41
1992 41
1993 42
1994 42
1995 43
1996 43
1997 43
1998 43
1999 43
2000 43
2001 44
2002 43
2003 43
2004 45
2005 45
2006 45
2007 44
2008 44
2009 44
2010 44
2011 44
2012 44
2013 44
2014 43
2015 42
2016 42
2017 44
2018 44
2019 44
2020 44
2021 45
2022 45
2023 45
2024 44
2025 43
2026 43
2027 44
2028 44
2029 44
2030 44
2031 44
2032 43
2033 43
2034 44
2035 44
2036 44
2037 44
2038 44
2039 44
2040 44
2041 44
2042 44
2043 44
2044 44
2045 44
2046 44
2047 44
2048 44
2049 44
2050 44
2051 44
2052 45
2053 46
2054 46
2055 46
2056 47
2057 47
2058 47
2059 47
2060 46
2061 44
2062 45
2063 44
2064 41
2065 41
2066 40
2067 41
2068 40
2069 39
2070 39
2071 40
2072 39
2073 39
2074 40
2075 40
2076 39
2077 40
2078 40
2079 41
2080 42
2081 42
2082 42
2083 43
2084 42
2085 43
2086 43
2087 43
2088 43
2089 43
2090 43
2091 43
2092 43
2093 42
2094 43
2095 43
2096 42
2097 40
2098 40
2099 40
2100 41
2101 41
2102 42
2103 42
2104 43
2105 43
2106 43
2107 44
2108 44
2109 44
2110 44
2111 44
2112 45
2113 44
2114 43
2115 43
2116 44
2117 44
2118 44
2119 44
2120 44
2121 44
2122 44
2123 44
2124 45
2125 44
2126 43
2127 42
2128 42
2129 42
2130 42
2131 42
2132 42
2133 41
2134 41
2135 40
2136 37
2137 39
2138 39
2139 39
2140 40
2141 41
2142 41
2143 42
2144 43
2145 44
2146 44
2147 45
2148 45
2149 45
2150 45
2151 45
2152 44
2153 44
2154 45
2155 46
2156 46
2157 47
2158 47
2159 47
2160 46
2161 46
2162 45
2163 45
2164 45
2165 46
2166 45
2167 45
2168 45
2169 45
2170 45
2171 44
2172 44
2173 45
2174 46
2175 46
2176 46
2177 46
2178 46
2179 47
2180 47
2181 47
2182 47
2183 47
2184 48
2185 48
2186 48
2187 48
2188 48
2189 48
2190 49
2191 48
2192 48
2193 48
2194 48
2195 47
2196 47
2197 47
2198 47
2199 47
2200 47
2201 47
2202 44
2203 44
2204 45
2205 46
2206 46
2207 46
2208 45
2209 45
2210 46
2211 45
2212 44
2213 43
2214 44
2215 42
2216 40
2217 39
2218 39
2219 40
2220 40
2221 40
2222 40
2223 38
2224 38
2225 39
2226 40
2227 41
2228 41
2229 41
2230 41
2231 41
2232 42
2233 43
2234 43
2235 43
2236 43
2237 44
2238 44
2239 44
2240 43
2241 43
2242 44
2243 44
2244 44
2245 43
2246 44
2247 44
2248 44
2249 44
2250 44
2251 45
2252 44
2253 45
2254 44
2255 44
2256 45
2257 46
2258 46
2259 46
2260 46
2261 45
2262 45
2263 44
2264 44
2265 44
2266 45
2267 45
2268 45
2269 45
2270 45
2271 45
2272 45
2273 44
2274 44
2275 44
2276 45
2277 44
2278 44
2279 44
2280 44
2281 44
2282 44
2283 44
2284 44
2285 44
2286 44
2287 44
2288 44
2289 44
2290 44
2291 44
2292 44
2293 44
2294 44
2295 44
2296 44
2297 44
2298 43
